idedomuny;NomMun;pob_total;pob_hombres;pob_mujeres
100180;AGUASCALIENTES;359454;174606;184848
100280;ASIENTOS;24395;12402;11993
100380;CALVILLO;37099;18310;18789
100480;COSIO;8671;4388;4283
100580;JESUS MARIA;25147;12677;12470
100680;PABELLON DE ARTEAGA;19836;9864;9972
100780;RINCON DE ROMOS;26995;13631;13364
100880;SAN JOSE DE GRACIA;5700;2843;2857
100980;TEPEZALA;12142;6062;6080
200180;ENSENADA;175425;87839;87586
200280;MEXICALI;510664;252851;257813
200380;TECATE;30540;15176;15364
200480;TIJUANA;461257;224861;236396
300180;COMONDU;57729;29424;28305
300280;MULEGE;26983;13706;13277
300380;PAZ LA;130427;66420;64007
400180;CALKINI;32084;15896;16188
400280;CAMPECHE;151805;74297;77508
400380;CARMEN;144684;72313;72371
400480;CHAMPOTON;41077;21262;19815
400580;HECELCHAKAN;14760;7441;7319
400680;HOPELCHEN;23165;12038;11127
400780;PALIZADA;8096;4050;4046
400880;TENABO;4882;2526;2356
500180;ABASOLO;1195;580;615
500280;ACUÑA;41948;20601;21347
500380;ALLENDE;15864;7799;8065
500480;ARTEAGA;18345;9470;8875
500580;CANDELA;2093;1039;1054
500680;CASTAÑOS;15690;8020;7670
500780;CUATROCIENEGAS;10850;5571;5279
500880;ESCOBEDO;2533;1296;1237
500980;FRANCISCO I MADERO;47511;23955;23556
501080;FRONTERA;35179;17540;17639
501180;GENERAL CEPEDA;13568;7229;6339
501280;GUERRERO;2316;1221;1095
501380;HIDALGO;751;423;328
501480;JIMENEZ;8636;4567;4069
501580;JUAREZ;1897;984;913
501680;LAMADRID;1605;825;780
501780;MATAMOROS;71771;36495;35276
501880;MONCLOVA;119609;59797;59812
501980;MORELOS;6004;3022;2982
502080;MUZQUIZ;53906;27059;26847
502180;NADADORES;4719;2428;2291
502280;NAVA;8684;4678;4006
502380;OCAMPO;9000;4739;4261
502480;PARRAS;39677;19984;19693
502580;PIEDRAS NEGRAS;80290;38997;41293
502680;PROGRESO;4674;2367;2307
502780;RAMOS ARIZPE;23092;11880;11212
502880;SABINAS;39515;19484;20031
502980;SACRAMENTO;1373;699;674
503080;SALTILLO;321758;159342;162416
503180;SAN BUENAVENTURA;15193;7635;7558
503280;SAN JUAN DE SABINAS;37127;18117;19010
503380;SAN PEDRO;93410;47413;45997
503480;SIERRA MOJADA;7058;3690;3368
503580;TORREON;363886;176560;187326
503680;VIESCA;21095;10790;10305
503780;VILLA UNION;5378;2677;2701
503880;ZARAGOZA;10065;5037;5028
600180;ARMERIA;21847;11086;10761
600280;COLIMA;100428;48554;51874
600380;COMALA;15823;7887;7936
600480;COQUIMATLAN;13941;7071;6870
600580;CUAUHTEMOC;22697;11360;11337
600680;IXTLAHUACAN;4786;2422;2364
600780;MANZANILLO;73290;37255;36035
600880;MINATITLAN;6876;3618;3258
600980;TECOMAN;67064;33622;33442
601080;VILLA DE ALVAREZ;19541;9578;9963
700180;ACACOYAGUA;7933;4122;3811
700280;ACALA;13252;6575;6677
700380;ACAPETAGUA;18277;9576;8701
700480;ALTAMIRANO;12099;6060;6039
700580;AMATAN;9184;4761;4423
700680;AMATENANGO DE LA FRONTERA;14411;7359;7052
700780;AMATENANGO DEL VALLE;4425;2178;2247
700880;ANGEL ALBINO CORZO;14804;7659;7145
700980;ARRIAGA;31514;15571;15943
701080;BEJUCAL DE OCAMPO;5082;2568;2514
701180;BELLA VISTA;12428;6401;6027
701280;BERRIOZABAL;47561;8886;8675
701380;BOCHIL;10415;5209;5206
701480;BOSQUE EL;8396;4277;4119
701580;CACAHOATAN;22785;11887;10898
701680;CATAZAJA;10886;5567;5319
701780;CINTALAPA;35089;17868;17221
701880;COAPILLA;3468;1747;1721
701980;COMITAN DE DOMINGUEZ;54733;26573;28160
702080;CONCORDIA LA ;22315;11777;10538
702180;COPAINALA;11470;5831;5639
702280;CHALCHIHUITAN;5564;2886;2678
702380;CHAMULA;31364;15646;15718
702480;CHANAL;5019;2624;2395
702580;CHAPULTENANGO;7634;3788;3846
702680;CHENALHO;18400;9463;8937
702780;CHIAPA DE CORZO;30309;15088;15221
702880;CHIAPILLA;3646;1898;1748
702980;CHICOASEN;3803;1953;1850
703080;CHICOMUSELO;17210;8832;8378
703180;CHILON;36130;20420;15710
703280;ESCUINTLA;18041;9239;8802
703380;FRANCISCO LEON;7446;3855;3591
703480;FRONTERA COMALAPA;26914;13739;13175
703580;FRONTERA HIDALGO;6789;3462;3327
703680;GRANDEZA LA;4370;2240;2130
703780;HUEHUETAN;19817;10073;9744
703880;HUISTAN;13340;6582;6758
703980;HUITIUPAN;12313;6367;5946
704080;HUIXTLA;33981;17056;16925
704180;INDEPENDENCIA LA;17613;8873;8740
704280;ISHUATAN;4764;2454;2310
704380;IXTACOMITAN;4042;2030;2012
704480;IXTAPA;9157;4562;4595
704580;IXTAPANGAJOYA;2716;1393;1323
704680;JIQUIPILAS;26599;13515;13084
704780;JITOTOL;6358;3178;3180
704880;JUAREZ;12956;6569;6387
704980;LARRAINZAR;10591;5310;5281
705080;LIBERTAD LA;4002;2029;1973
705180;MAPASTEPEC;23340;11845;11495
705280;MARGARITAS LAS;42443;21305;21138
705380;MAZAPA DE MADERO;5959;3076;2883
705480;MAZATAN;17363;8916;8447
705580;METAPA;2725;1372;1353
705680;MITONTIC;4913;2450;2463
705780;MOTOZINTLA;34705;17914;16791
705880;NICOLAS RUIZ;2283;1179;1104
705980;OCOSINGO;69757;36197;33560
706080;OCOTEPEC;3508;1794;1714
706180;OCOZOCOAUTLA DE ESPINOZA;24678;12483;12195
706280;OSTUACAN;11449;5891;5558
706380;OSUMACINTA;2226;1125;1101
706480;OXCHUC;24879;12605;12274
706580;PALENQUE;35430;18588;16842
706680;PANTELHO;9305;4806;4499
706780;PANTEPEC;5484;2702;2782
706880;PICHUCALCO;19304;9832;9472
706980;PIJIJIAPAN;28896;14589;14307
707080;PORVENIR EL;8756;4448;4308
707180;PUEBLO NUEVO COMALTITLAN;16578;8455;8123
707280;PUEBLO NUEVO SOLISTAHUCAN;11893;5901;5992
707380;RAYON;3310;1652;1658
707480;REFORMA;13199;6741;6458
707580;ROSAS LAS;15925;7896;8029
707680;SABANILLA;12054;6036;6018
707780;SALTO DE AGUA;26114;13280;12834
707880;SAN CRISTOBAL DE LAS CASAS;60550;28890;31660
707980;SAN FERNANDO;18883;10264;8619
708080;SILTEPEC;21008;11010;9998
708180;SIMOJOVEL DE ALLENDE;17043;8538;8505
708280;SITALA;3503;1731;1772
708380;SOCOLTENANGO;7827;3914;3913
708480;SOLUSUCHIAPA;4779;2426;2353
708580;SOYALO;5563;2941;2622
708680;SUCHIAPA;7837;4035;3802
708780;SUCHIATE;14743;7428;7315
708880;SUNUAPA;1613;816;797
708980;TAPACHULA;144057;70869;73188
709080;TAPALAPA;2450;1197;1253
709180;TAPILULA;6492;3237;3255
709280;TECPATAN;21451;11025;10426
709380;TENEJAPA;20642;10446;10196
709480;TEOPISCA;10627;5217;5410
709680;TILA;34866;17850;17016
709780;TONALA;44673;21973;22700
709880;TOTOLAPA;3003;1565;1438
709980;TRINITARIA LA;35272;17810;17462
710080;TUMBALA;16090;8304;7786
710180;TUXTLA;166476;81397;85079
710280;TUXTLA CHICO;22361;11324;11037
710380;TUZANTAN;16044;8437;7607
710480;TZIMOL;6269;3067;3202
710580;UNION JUAREZ;11083;5670;5413
710680;VENUSTIANO CARRANZA;33059;16706;16353
710780;VILLA CORZO;31032;15978;15054
710880;VILLA FLORES;51096;25690;25406
710980;YAJALON;10202;5125;5077
711080;SAN LUCAS;3226;1649;1577
711180;ZINACANTAN;13006;6394;6612
800180;AHUMADA;12100;6216;5884
800280;ALDAMA;15667;7964;7703
800380;ALLENDE;10850;5505;5345
800480;AQUILES SERDAN;5092;2620;2472
800580;ASCENSION;11985;6127;5858
800680;BACHINIVA;8332;4345;3987
800780;BALLEZA;12917;6535;6382
800880;BATOPILAS;10513;5400;5113
800980;BOCOYNA;18113;9049;9064
801080;BUENAVENTURA;16317;8370;7947
801180;CAMARGO;44623;22445;22178
801280;CARICHIC;9297;4745;4552
801380;CASAS GRANDES;10861;5585;5276
801480;CORONADO;3282;1743;1539
801580;COYAME;3353;1736;1617
801680;CRUZ LA;4031;2085;1946
801780;CUAUHTEMOC;85589;42707;42882
801880;CUSIHUIRIACHIC;7907;4063;3844
801980;CHIHUAHUA;406830;198078;208752
802080;CHINIPAS;7770;4026;3744
802180;DELICIAS;82215;40868;41347
802280;DOCTOR BELISARIO DOMINGUEZ;6450;3294;3156
802380;GALEANA;3184;1616;1568
802480;GENERAL TRIAS;6060;3116;2944
802580;GOMEZ FARIAS;9698;4834;4864
802680;GRAN MORELOS;6347;3243;3104
802780;GUACHOCHI;29067;14615;14452
802880;GUADALUPE;8876;4565;4311
802980;GUADALUPE Y CALVO;30231;15372;14859
803080;GUAZAPARES;9381;4778;4603
803180;GUERRERO;40880;20887;19993
803280;HIDALGO DEL PARRAL;78994;38500;40494
803380;HUEJOTITAN;2132;1086;1046
803480;IGNACIO ZARAGOZA;9634;4883;4751
803580;JANOS;8906;4620;4286
803680;JIMENEZ;33230;16817;16413
803780;JUAREZ;567365;273187;294178
803880;JULIMES;5828;2958;2870
803980;LOPEZ;4479;2318;2161
804080;MADERA;34614;17600;17014
804180;MAGUARICHIC;1230;613;617
804280;MANUEL BENAVIDES;4164;2162;2002
804380;MATACHIC;4591;2316;2275
804480;MATAMOROS;5346;2746;2600
804580;MEOQUI;34727;17653;17074
804680;MORELOS;6746;3395;3351
804780;MORIS;5448;2820;2628
804880;NAMIQUIPA;32987;16943;16044
804980;NONOAVA;3714;1866;1848
805080;NUEVO CASAS GRANDES;36871;18154;18717
805180;OCAMPO;7590;3888;3702
805280;OJINAGA;26421;13188;13233
805380;PRAXEDIS G GUERRERO;7777;3875;3902
805480;RIVA PALACIO;10321;5278;5043
805580;ROSALES;13054;6739;6315
805680;ROSARIO;4160;2094;2066
805780;SAN FRANCISCO DE BORJA;3711;1889;1822
805880;SAN FRANCISCO DE CONCHOS;3302;1707;1595
805980;SAN FRANCISCO DEL ORO;12185;6174;6011
806080;SANTA BARBARA;17365;8709;8656
806180;SATEVO;7439;3876;3563
806280;SAUCILLO;31095;15788;15307
806380;TOMOSACHIC;9374;4926;4448
806480;TULE EL;2994;1493;1501
806580;URIQUE;13814;7073;6741
806680;URUACHIC;8036;4128;3908
806780;VALLE DE ZARAGOZA;8015;4138;3877
900280;AZCAPOTZALCO;601524;292635;308889
900380;COYOACAN;597129;283372;313757
900480;CUAJIMALPA DE MORELOS;91200;45152;46048
900580;GUSTAVO A. MADERO;1513360;734310;779050
900680;IZTACALCO;570377;278052;292325
900780;IZTAPALAPA;1262354;622628;639726
900880;MAGDALENA CONTRERAS LA;173105;84102;89003
900980;MILPA ALTA;53616;26531;27085
901080;ALVARO OBREGON;639213;306805;332408
901180;TLAHUAC;146923;72918;74005
901280;TLALPAN;368974;179173;189801
901380;XOCHIMILCO;217481;106465;111016
901480;BENITO JUAREZ;544882;242268;302614
901580;CUAUHTEMOC;814983;377417;437566
901680;MIGUEL HIDALGO;543062;249974;293088
901780;VENUSTIANO CARRANZA;692896;332800;360096
1000180;CANATLAN;64953;32718;32235
1000280;CANELAS;5862;2907;2955
1000380;CONETO DE COMONFORT;5645;2825;2820
1000480;CUENCAME;34432;17567;16865
1000580;DURANGO;321148;157722;163426
1000680;GENERAL SIMON BOLIVAR;12264;6231;6033
1000780;GOMEZ PALACIO;180011;89040;90971
1000880;GUADALUPE VICTORIA;32156;16141;16015
1000980;GUANACEVI;12821;6435;6386
1001080;HIDALGO;7277;3730;3547
1001180;INDE;10569;5349;5220
1001280;LERDO;73527;36959;36568
1001380;MAPIMI;28093;14378;13715
1001480;MEZQUITAL;12918;6427;6491
1001580;NAZAS;13808;7038;6770
1001680;NOMBRE DE DIOS;20763;10534;10229
1001780;OCAMPO;15292;7783;7509
1001880;EL ORO;18461;9103;9358
1001980;OTAEZ;5397;2727;2670
1002080;PANUCO DE CORONADO;16688;8480;8208
1002180;PENON BLANCO;10811;5539;5272
1002280;POANAS;25243;12635;12608
1002380;PUEBLO NUEVO;33530;16920;16610
1002480;RODEO;15818;7864;7954
1002580;SAN BERNARDO;7563;3862;3701
1002680;SAN DIMAS;22474;11484;10990
1002780;SAN JUAN DE GUADALUPE;9049;4584;4465
1002880;SAN JUAN DEL RIO;16535;8325;8210
1002980;SAN LUIS DEL CORDERO;3591;1767;1824
1003080;SAN PEDRO DEL GALLO;3429;1771;1658
1003180;SANTA CLARA;7008;3541;3467
1003280;SANTIAGO PAPASQUIARO;37895;18767;19128
1003380;SUCHIL;7312;3644;3668
1003480;TAMAZULA;20647;10666;9981
1003580;TEPEHUANES;14740;6953;7787
1003680;TLAHUALILO;28449;14371;14078
1003780;TOPIA;8658;4320;4338
1003880;VICENTE GUERRERO;17483;8785;8698
1100180;ABASOLO;46365;23102;23263
1100280;ACAMBARO;98126;48047;50079
1100380;ALLENDE;77624;38779;38845
1100480;APASEO EL ALTO;37414;18881;18533
1100580;APASEO EL GRANDE;44676;22247;22429
1100680;ATARJEA;4862;2480;2382
1100780;CELAYA;219010;106435;112575
1100880;CIUDAD MANUEL DOBLADO;32188;15800;16388
1100980;COMONFORT;45204;22503;22701
1101080;CORONEO;8533;4094;4439
1101180;CORTAZAR;61308;30267;31041
1101280;CUERAMARO;17524;8718;8806
1101380;DOCTOR MORA;10012;5041;4971
1101480;DOLORES HIDALGO;67358;33761;33597
1101580;GUANAJUATO;83576;41144;42432
1101680;HUANIMARO;15877;7948;7929
1101780;IRAPUATO;246308;120832;125476
1101880;JARAL DEL PROGRESO;24445;12087;12358
1101980;JERECUARO;44731;22611;22120
1102080;LEON;655809;322866;332943
1102180;MOROLEON;44858;21662;23196
1102280;OCAMPO;19246;9499;9747
1102380;PENJAMO;105105;52067;53038
1102480;PUEBLO NUEVO;9585;4601;4984
1102580;PURISIMA DEL RINCON;23211;11425;11786
1102680;ROMITA;34984;17538;17446
1102780;SALAMANCA;160040;79267;80773
1102880;SALVATIERRA;94732;46263;48469
1102980;SAN DIEGO DE LA UNION;23474;11771;11703
1103080;SAN FELIPE;64291;32369;31922
1103180;SAN FRANCISCO DEL RINCON;66575;32559;34016
1103280;SAN JOSE ITURBIDE;28796;14228;14568
1103380;SAN LUIS DE LA PAZ;53469;26584;26885
1103480;SANTA CATARINA;3556;1700;1856
1103580;SANTA CRUZ DE JUVENTINO ROSAS;38222;19094;19128
1103680;SANTIAGO MARAVATIO;9006;4368;4638
1103780;SILAO;77036;38760;38276
1103880;TARANDACUAO;11958;5971;5987
1103980;TARIMORO;32355;15967;16388
1104080;TIERRABLANCA;9435;4762;4673
1104180;URIANGATO;30311;15080;15231
1104280;VALLE DE SANTIAGO;100733;49706;51027
1104380;VICTORIA;16823;8269;8554
1104480;VILLAGRAN;31221;15629;15592
1104580;XICHU;10393;5213;5180
1104680;YURIRIA;65745;32939;32806
1200180;ACAPULCO DE JUAREZ;409335;200585;208750
1200280;AHUACUOTZINGO;15632;7792;7840
1200380;AJUCHITLAN DEL PROGRESO;28167;13974;14193
1200480;ALCOZAUCA DE GUERRERO;11765;5945;5820
1200580;ALPOYECA;4259;2120;2139
1200680;APAXTLA;14551;7237;7314
1200780;ARCELIA;37067;18598;18469
1200880;ATENANGO DEL RIO;7392;3690;3702
1200980;ATLAMAJALCINGO DEL MONTE;3581;1754;1827
1201080;ATLIXTAC;13239;6503;6736
1201180;ATOYAC DE ALVAREZ;43743;21830;21913
1201280;AYUTLA DE LOS LIBRES;33283;16916;16367
1201380;AZOYU;30820;15552;15268
1201480;BENITO JUAREZ;13530;6715;6815
1201580;BUENAVISTA DE CUELLAR;10685;5389;5296
1201680;COAHUAYUTLA DE GUERRERO;11705;6062;5643
1201780;COCULA;17421;8625;8796
1201880;COPALA;10231;5294;4937
1201980;COPALILLO;9007;5141;3866
1202080;COPANATOYAC;9823;4996;4827
1202180;COYUCA DE BENITEZ;47483;23732;23751
1202280;COYUCA DE CATALAN;39799;20187;19612
1202380;CUAJINICUILAPA;19809;10091;9718
1202480;CUALAC;5532;2747;2785
1202580;CUAUTEPEC;12252;6216;6036
1202680;CUETZALA DE PROGRESO;11101;5572;5529
1202780;CUETZAMALA DE PINZON;24841;12497;12344
1202880;CHILAPA DE ALVAREZ;73335;35951;37384
1202980;CHILPANCINGO DE LOS BRAVO;98266;48060;50206
1203080;FLORENCIO VILLARREAL;12143;6097;6046
1203180;GENERAL CANUTO A NERI;10264;5024;5240
1203280;GENERAL HELIODORO CASTILLO;24606;12472;12134
1203380;HUAMUXTITLAN;12245;6071;6174
1203480;HUITZUCO DE LOS FIGUEROA;33403;16646;16757
1203580;IGUALA DE LA INDEPENDENCIA;83328;40670;42658
1203680;IGUALAPA;5493;2833;2660
1203780;IXCATEOPAN DE CUAUHTEMOC;8633;4212;4421
1203880;JOSE AZUETA;25751;13131;12620
1203980;JUAN R ESCUDERO;18623;9334;9289
1204080;LEONARDO BRAVO;16449;8268;8181
1204180;MALINALTEPEC;22231;11130;11101
1204280;MARTIR DE CUILAPAN;11379;5614;5765
1204380;METLATONOC;18005;8916;9089
1204480;MOCHITLAN;8770;4393;4377
1204580;OLINALA;16302;8266;8036
1204680;OMETEPEC;31427;15761;15666
1204780;PEDRO ASCENCIO ALQUISIRAS;8470;4091;4379
1204880;PETATLAN;34263;17391;16872
1204980;PILCAYA;9040;4504;4536
1205080;PUNGARABATO;19250;9661;9589
1205180;QUECHULTENANGO;22275;11343;10932
1205280;SAN LUIS ACATLAN;24459;12330;12129
1205380;SAN MARCOS;42649;21628;21021
1205480;SAN MIGUEL TOTOLAPAN;21023;10457;10566
1205580;TAXCO DE ALARCON;75912;37226;38686
1205680;TECOANAPA;29602;15247;14355
1205780;TECPAN DE GALEANA;52881;26790;26091
1205880;TELOLOAPAN;53315;26298;27017
1205980;TEPECOACUILCO DE TRUJANO;31566;15689;15877
1206080;TETIPAC;10703;5424;5279
1206180;TIXTLA DE GUERRERO;25795;12846;12949
1206280;TLACOACHISTLAHUACA;11427;5699;5728
1206380;TLACOAPA;6040;2914;3126
1206480;TLALCHAPA;14973;7626;7347
1206580;TLALIXTAQUILLA;5867;2960;2907
1206680;TLAPA DE COMONFORT;33581;16571;17010
1206780;TLAPEHUALA;18699;9215;9484
1206880;UNION LA;19239;9807;9432
1206980;XAPATLAHUAC;9931;4892;5039
1207080;XOCHIHUEHUETLAN;6056;2927;3129
1207180;XOCHISTLAHUACA;13868;6942;6926
1207280;ZAPOTITLAN TABLAS;20627;10348;10279
1207380;ZIRANDARO;20024;10177;9847
1207480;ZITLALA;13629;6880;6749
1207580;EDUARDO NERI;27643;13816;13827
1300180;ACATLAN;13513;6957;6556
1300280;ACAXOCHITLAN;26293;13154;13139
1300380;ACTOPAN;34622;16915;17707
1300480;AGUA BLANCA;7599;3843;3756
1300580;AJACUBA;11875;5960;5915
1300680;ALFAJAYUCAN;15700;8100;7600
1300780;ALMOLOYA;8550;4348;4202
1300880;APAN;30090;14843;15247
1300980;ARENAL EL;10151;5188;4963
1301080;ATITALAQUIA;10384;5331;5053
1301180;ATLAPEXCO;13989;7318;6671
1301280;ATOTONILCO EL GRANDE;24152;12082;12070
1301380;ATOTONILCO DE TULA;14519;7458;7061
1301480;CALNALI;15737;7777;7960
1301580;CARDONAL;13924;7063;6861
1301680;CUAUTEPEC;30535;15432;15103
1301780;CHAPANTONGO;9678;4997;4681
1301880;CHAPULHUACAN;15580;8172;7408
1301980;CHILCUAUTLA;10060;5167;4893
1302080;ELOXOCHITLAN;3492;1718;1774
1302180;EMILIANO ZAPATA;12520;6279;6241
1302280;EPAZOYUCAN;8392;4233;4159
1302380;FRANCISCO I MADERO;21741;11030;10711
1302480;HUASCA DE OCAMPO;13834;6919;6915
1302580;HUAUTLA;23595;11677;11918
1302680;HUAZALINGO;7844;3950;3894
1302780;HUEHUETLA;18508;9524;8984
1302880;HUEJUTLA;58806;29853;28953
1302980;HUICHAPAN;28655;14778;13877
1303080;IXMIQUILPAN;52124;26138;25986
1303180;JACALA;11117;5530;5587
1303280;JALTOCAN;7433;3662;3771
1303380;JUAREZ HIDALGO;3401;1751;1650
1303480;LOLOTLA;8237;4104;4133
1303580;METEPEC;7702;3848;3854
1303680;MEZQUITITLAN;8388;4127;4261
1303780;METZTITLAN;20380;10302;10078
1303880;MINERAL DEL CHICO;7004;3517;3487
1303980;MINERAL DEL MONTE;13296;6399;6897
1304080;MINERAL DE LA REFORMA;7142;3590;3552
1304180;MISION LA;10755;5623;5132
1304280;MIXQUIAHUALA;24782;12450;12332
1304380;MOLANGO;11321;5726;5595
1304480;NICOLAS FLORES;7126;3676;3450
1304580;NOPALA DE VILLAGRAN;11401;5865;5536
1304680;OMITLAN DE JUAREZ;6282;3149;3133
1304780;ORIZATLAN;26494;13522;12972
1304880;PACULA;5882;3032;2850
1304980;PACHUCA;135248;64685;70563
1305080;PISAFLORES;11967;6242;5725
1305180;PROGRESO;15026;7399;7627
1305280;SAN AGUSTIN TLAXIACA;17668;8990;8678
1305380;SAN BARTOLO TUTOTEPEC;17838;9073;8765
1305480;SAN SALVADOR;20356;10319;10037
1305580;SANTIAGO DE ANAYA;11481;5978;5503
1305680;SANTIAGO TULANTEPEC;12568;6200;6368
1305780;SINGUILUCAN;11106;5604;5502
1305880;TASQUILLO;13797;6864;6933
1305980;TECOZAUTLA;22650;11645;11005
1306080;TENANGO DE DORIA;13438;6940;6498
1306180;TEPEAPULCO;37888;18857;19031
1306280;TEPEHUACAN DE GUERRERO;19580;10156;9424
1306380;TEPEJI DE OCAMPO;37777;19206;18571
1306480;TEPETITLAN;6825;3389;3436
1306580;TETEPANGO;5922;3021;2901
1306680;TEZONTEPEC DE ALDAMA;25050;12914;12136
1306780;TIANGUISTENGO;14771;7400;7371
1306880;TIZAYUCA;16454;8209;8245
1306980;TLAHUELILPAN;9136;4598;4538
1307080;TLAHUILTEPA;12108;6177;5931
1307180;TLANALAPA;6608;3265;3343
1307280;TLANCHINOL;22843;11727;11116
1307380;TLAXCOAPAN;15156;7629;7527
1307480;TOLCAYUCA;5252;2631;2621
1307580;TULA DE ALLENDE;57604;28721;28883
1307680;TULANCINGO;70782;34152;36630
1307780;VILLA DE TEZONTEPEC;5702;2798;2904
1307880;XOCHIATIPAN;12211;6172;6039
1307980;XOCHICOATLAN;8018;4039;3979
1308080;YAHUALICA;17804;8817;8987
1308180;ZACUALTIPAN;15795;7785;8010
1308280;ZAPOTLAN DE JUAREZ;7949;3941;4008
1308380;ZEMPOALA;16049;8234;7815
1308480;ZIMAPAN;32461;16379;16082
1400180;ACATIC;12882;6206;6676
1400280;ACATLAN DE JUAREZ;13981;7010;6971
1400380;AHUALULCO DE MERCADO;16884;8395;8489
1400480;AMACUECA;4690;2319;2371
1400580;AMATITAN;8771;4440;4331
1400680;AMECA;48259;24175;24084
1400780;ANTONIO ESCOBEDO;8099;4048;4051
1400880;ARANDAS;45800;22111;23689
1400980;ARENAL EL;9136;4549;4587
1401080;ATEMAJAC DE BRIZUELA;5507;2754;2753
1401180;ATENGO;5422;2648;2774
1401280;ATENGUILLO;4730;2250;2480
1401380;ATOTONILCO EL ALTO;40619;19708;20911
1401480;ATOYAC;8960;4349;4611
1401580;AUTLAN;41499;20272;21227
1401680;AYO EL CHICO;27080;13274;13806
1401780;AYUTLA;14196;7067;7129
1401880;BARCA LA;46666;22440;24226
1401980;BOLAÑOS;6528;3255;3273
1402080;CABO CORRIENTES;6785;3588;3197
1402180;CASIMIRO CASTILLO;19025;9626;9399
1402280;CAÑADAS DE OBREGON;5983;2905;3078
1402380;CIHUATLAN;20452;10321;10131
1402480;CIUDAD GUZMAN;62353;30035;32318
1402580;COCULA;23267;11459;11808
1402680;COLOTLAN;14932;7135;7797
1402780;CONCEPCION DE BUENOS AIRES;6361;3078;3283
1402880;CUAUTITLAN;12926;6554;6372
1402980;CUAUTLA;3164;1503;1661
1403080;CUQUIO;18467;9152;9315
1403180;CHAPALA;30629;14847;15782
1403280;CHIMALTITAN;4054;1993;2061
1403380;CHIQUILISTLAN;4743;2343;2400
1403480;DEGOLLADO;18262;9079;9183
1403580;EJUTLA;2578;1254;1324
1403680;ENCARNACION DE DIAZ;35585;17399;18186
1403780;ETZATLAN;14859;7270;7589
1403880;GRULLO EL;18869;9337;9532
1403980;GUACHINANGO;5539;2790;2749
1404080;GUADALAJARA;1626152;782275;843877
1404180;HOSTOTIPAQUILLO;7760;3828;3932
1404280;HUEJUCAR;7878;3734;4144
1404380;HUEJUQUILLA EL ALTO;9563;4627;4936
1404480;HUERTA, LA;19283;9848;9435
1404580;IXTLAHUACAN DE LOS MEMBRILLOS;12310;6176;6134
1404680;IXTLAHUACAN DEL RIO;18833;9402;9431
1404780;JALOSTOTITLAN;19694;9405;10289
1404880;JAMAY;16848;8398;8450
1404980;JESUS MARIA;18473;9023;9450
1405080;JILOTLAN DE LOS DOLORES;10592;5259;5333
1405180;JOCOTEPEC;24746;12134;12612
1405280;JUANACATLAN;8081;4122;3959
1405380;JUCHITLAN;6418;3111;3307
1405480;LAGOS DE MORENO;84305;41593;42712
1405580;LIMON EL;7277;3628;3649
1405680;MAGDALENA;14181;6804;7377
1405780;MANUEL M DIEGUEZ;3612;1804;1808
1405880;MANZANILLA DE LA PAZ LA;3713;1822;1891
1405980;MASCOTA;14945;7350;7595
1406080;MAZAMITLA;8765;4222;4543
1406180;MEXTICACAN;7623;3579;4044
1406280;MEZQUITIC;15040;7338;7702
1406380;MIXTLAN;3816;1854;1962
1406480;OCOTLAN;59196;28899;30297
1406580;OJUELOS DE JALISCO;20214;10236;9978
1406680;PIHUAMO;17469;8591;8878
1406780;PONCITLAN;26905;13159;13746
1406880;PUERTO VALLARTA;57028;28385;28643
1406980;PURIFICACION;10763;5295;5468
1407080;QUITUPAN;14592;6990;7602
1407180;SALTO EL;19887;9993;9894
1407280;SAN CRISTOBAL DE LA BARRANCA;4864;2393;2471
1407380;SAN DIEGO DE ALEJANDRIA;6332;3140;3192
1407480;SAN JUAN DE LOS LAGOS;36577;17646;18931
1407580;SAN JULIAN;10583;5096;5487
1407680;SAN MARCOS;2803;1384;1419
1407780;SAN MARTIN DE BOLAÑOS;4604;2178;2426
1407880;SAN MARTIN HIDALGO;21779;10784;10995
1407980;SAN MIGUEL EL ALTO;23053;11177;11876
1408080;SAN SEBASTIAN EX-9 CANTON;10616;5246;5370
1408180;SAN SEBASTIAN EX-10 CANTON;7763;3888;3875
1408280;SANTA MARIA DE LOS ANGELES;5678;2741;2937
1408380;SAYULA;24603;11857;12746
1408480;TALA;40458;20187;20271
1408580;TALPA DE ALLENDE;13058;6471;6587
1408680;TAMAZULA DE GORDIANO;40377;19731;20646
1408780;TAPALPA;11505;5757;5748
1408880;TECALITLA;17287;8402;8885
1408980;TECOLOTLAN;14974;7405;7569
1409080;TECHALUTA;3166;1572;1594
1409180;TENAMAXTLAN;7706;3780;3926
1409280;TEOCALTICHE;33174;16073;17101
1409380;TEOCUITATLAN DE CORONA;13020;6401;6619
1409480;TEPATITLAN DE MORELOS;78364;37729;40635
1409580;TEQUILA;26718;13189;13529
1409680;TEUCHITLAN;7610;3752;3858
1409780;TIZAPAN EL ALTO;17531;8743;8788
1409880;TLAJOMULCO;50697;25327;25370
1409980;TLAQUEPAQUE;177324;87585;89739
1410080;TOLIMAN;8379;4171;4208
1410180;TOMATLAN;23586;12340;11246
1410280;TONALA;52158;26676;25482
1410380;TONAYA;6865;3270;3595
1410480;TONILA;7486;3751;3735
1410580;TOTATICHE;7663;3589;4074
1410680;TOTOTLAN;17419;8573;8846
1410780;TUXCACUESCO;4302;2170;2132
1410880;TUXCUECA;5604;2741;2863
1410980;TUXPAN;29340;14295;15045
1411080;UNION DE SAN ANTONIO;13201;6447;6754
1411180;UNION DE TULA;13185;6396;6789
1411280;VALLE DE GUADALUPE;5872;2848;3024
1411380;VALLE DE JUAREZ;6159;2996;3163
1411480;VENUSTIANO CARRANZA;14450;7159;7291
1411580;VILLA CORONA;15422;7580;7842
1411680;VILLA GUERRERO;7795;3818;3977
1411780;VILLA HIDALGO;10461;5167;5294
1411880;YAHUALICA DE GONZALEZ;22991;10950;12041
1411980;ZACOALCO DE TORRES;23923;11723;12200
1412080;ZAPOPAN;389081;191688;197393
1412180;ZAPOTILTIC;25187;12319;12868
1412280;ZAPOTITLAN DE VADILLO;7108;3487;3621
1412380;ZAPOTLAN DEL REY;12045;5949;6096
1412480;ZAPOTLANEJO;35588;17529;18059
1500180;ACAMBAY;37766;19206;18560
1500280;ACOLMAN;32316;15724;16592
1500380;ACULCO;24231;12342;11889
1500480;ALMOLOYA DE ALQUISIRAS;10268;5100;5168
1500580;ALMOLOYA DE JUAREZ;64620;33185;31435
1500680;ALMOLOYA DEL RIO;6193;3053;3140
1500780;AMANALCO;14304;7269;7035
1500880;AMATEPEC;23101;11691;11410
1500980;AMECAMECA;31621;15663;15958
1501080;APAXCO;15379;7753;7626
1501180;ATENCO;16418;8231;8187
1501280;ATIZAPAN;5072;2592;2480
1501380;ATIZAPAN DE ZARAGOZA;202248;98440;103808
1501480;ATLACOMULCO;39124;19308;19816
1501580;ATLAUTLA;16840;8442;8398
1501680;AXAPUSCO;12207;6253;5954
1501780;AYAPANGO;2986;1518;1468
1501880;CALIMAYA;21876;10762;11114
1501980;CAPULHUAC;18257;8986;9271
1502080;COACALCO;97353;47541;49812
1502180;COATEPEC HARINAS;22461;11081;11380
1502280;COCOTITLAN;7510;3738;3772
1502380;COYOTEPEC;19796;9874;9922
1502480;CUAUTITLAN;39527;19515;20012
1502580;CHALCO;78393;39461;38932
1502680;CHAPA DE MOTA;13681;7025;6656
1502780;CHAPULTEPEC;3675;1808;1867
1502880;CHIAUTLA;10618;5289;5329
1502980;CHICOLOAPA;27354;13780;13574
1503080;CHINCONCUAC;11371;5652;5719
1503180;CHIMALHUACAN;61816;31023;30793
1503280;DONATO GUERRA;13671;7013;6658
1503380;ECATEPEC;784507;389499;395008
1503480;ECATZINGO;4414;2217;2197
1503580;HUEHUETOCA;9916;5120;4796
1503680;HUEYPOXTLA;19288;10037;9251
1503780;HUIXQUILUCAN;78149;38553;39596
1503880;ISIDRO FABELA;3924;2023;1901
1503980;IXTAPALUCA;77862;39569;38293
1504080;IXTAPAN DE LA SAL ;18899;9334;9565
1504180;IXTAPAN DEL ORO;4216;2170;2046
1504280;IXTLAHUACA;68719;34679;34040
1504380;JALATLACO;12097;6086;6011
1504480;JALTENCO;7847;3994;3853
1504580;JILOTEPEC;45505;23020;22485
1504680;JILOTZINGO;6306;3251;3055
1504780;JIQUIPILCO;29744;15531;14213
1504880;JOCOTITLAN;32967;16546;16421
1504980;JOQUICINGO;7211;3652;3559
1505080;JUCHITEPEC;13040;6482;6558
1505180;LERMA;57219;28726;28493
1505280;MALINALCO;13899;7016;6883
1505380;MELCHOR OCAMPO;17990;8956;9034
1505480;METEPEC;6079;2981;3098
1505580;MEXICALTZINGO;83030;40851;42179
1505680;MORELOS;19068;9557;9511
1505780;NAUCALPAN DE JUAREZ;730170;354627;375543
1505880;NEXTLALPAN;7380;3638;3742
1505980;NEZAHUALCOYOTL;1341230;666106;675124
1506080;NICOLAS ROMERO;112645;56489;56156
1506180;NOPALTEPEC;3929;2039;1890
1506280;OCOYACAC;33952;16991;16961
1506380;OCUILAN;15809;8018;7791
1506480;ORO EL;22753;11294;11459
1506580;OTUMBA;14509;7321;7188
1506680;OTZOLOAPAN;3419;1742;1677
1506780;OTZOLOTEPEC;29112;14848;14264
1506880;OZUMBA;19258;9447;9811
1506980;PAPALOTLA;1769;865;904
1507080;PAZ LA;99436;49894;49542
1507180;POLOTITLA;9250;4668;4582
1507280;RAYON;5688;2841;2847
1507380;SAN ANTONIO LA ISLA;9504;4751;4753
1507480;SAN FELIPE DEL PROGRESO;94862;48276;46586
1507580;SAN MARTIN DE LAS PIRAMIDES;10610;5415;5195
1507680;SAN MATEO ATENCO;33719;16857;16862
1507780;SAN SIMON DE GUERRERO;3678;1858;1820
1507880;SANTO TOMAS;6336;3199;3137
1507980;SOYANIQUILPAN DE JUAREZ;6081;3139;2942
1508080;SULTEPEC;19631;9897;9734
1508180;TECAMAC;84129;41861;42268
1508280;TEJUPILCO;57303;29243;28060
1508380;TEMAMATLA;3663;1803;1860
1508480;TEMASCALAPA;12698;6425;6273
1508580;TEMASCALCINGO;45719;23368;22351
1508680;TEMASCALTEPEC;19853;10203;9650
1508780;TEMOAYA;34120;17314;16806
1508880;TENANCINGO;46331;23024;23307
1508980;TENANGO DEL AIRE;8639;4372;4267
1509080;TENANGO DEL VALLE;38381;19111;19270
1509180;TEOLOYUCAN;28836;14280;14556
1509280;TEOTIHUACAN;30140;15129;15011
1509380;TEPETLAOXTOC;10019;5224;4795
1509480;TEPETLIXPA;10179;5308;4871
1509580;TEPOTZOTLAN;27099;13569;13530
1509680;TEQUIXQUIAC;15486;7858;7628
1509780;TEXCALTITLAN;11366;5780;5586
1509880;TEXCALYACAC;2381;1169;1212
1509980;TEXCOCO;105851;52936;52915
1510080;TEZOYUCA;7567;3745;3822
1510180;TIANGUISTENCO;37017;18431;18586
1510280;TIMILPAN;11566;5870;5696
1510380;TLALMANALCO;34071;16923;17148
1510480;TLALNEPANTLA;778173;383906;394267
1510580;TLATLAYA;31752;16062;15690
1510680;TOLUCA;357071;173136;183935
1510780;TONATICO;9852;4814;5038
1510880;TULTEPEC;22910;11255;11655
1510980;TULTITLAN;136829;67784;69045
1511080;VALLE DE BRAVO;36762;18237;18525
1511180;VILLA DE ALLENDE;24094;12288;11806
1511280;VILLA DEL CARBON;20357;10352;10005
1511380;VILLA GUERRERO;28953;14368;14585
1511480;VILLA VICTORIA;47130;24058;23072
1511580;XONACATLAN;19546;9824;9722
1511680;ZACAZONAPAN;2098;1060;1038
1511780;ZACUALPAN;12797;6380;6417
1511880;ZINACANTEPEC;60232;30358;29874
1511980;ZUMPAHUACAN;9539;4888;4651
1512080;ZUMPANGO;51393;25604;25789
1512180;CUAUTITLAN IZCALLI;173754;86161;87593
1600180;ACUITZIO;7119;3407;3712
1600280;AGUILILLA;23171;11612;11559
1600380;ALVARO OBREGON;15651;7817;7834
1600480;ANGAMACUTIRO;11876;5765;6111
1600580;ANGANGUEO;9266;4550;4716
1600680;APATZINGAN;75805;38188;37617
1600780;APORO;2377;1164;1213
1600880;AQUILA;19726;10175;9551
1600980;ARIO;25656;12584;13072
1601080;ARTEAGA;17975;8926;9049
1601180;BRISEÑAS DE MATAMOROS;8487;4150;4337
1601280;BUENAVISTA;30676;15640;15036
1601380;CARACUARO;10608;5382;5226
1601480;COAHUAYANA;11853;5958;5895
1601580;COALCOMAN;17191;8541;8650
1601680;COENEO;24905;12292;12613
1601780;CONTEPEC;19818;9942;9876
1601880;COPANDARO DE GALEANA;7744;3841;3903
1601980;COTIJA;17905;8610;9295
1602080;CUITZEO;21783;10766;11017
1602180;CHARAPAN;9863;4886;4977
1602280;CHARO;13782;6940;6842
1602380;CHAVINDA;12354;5928;6426
1602480;CHERAN;13267;6580;6687
1602580;CHILCHOTA;17620;8713;8907
1602680;CHINICUILA;8062;4166;3896
1602780;CHUCANDIRO;8398;4215;4183
1602880;CHURINTZIO;10190;4794;5396
1602980;CHURUMUCO;11711;6027;5684
1603080;ECUANDUREO;15023;7199;7824
1603180;EPITACIO HUERTA;12586;6329;6257
1603280;ERONGARICUARO;11270;5575;5695
1603380;GABRIEL ZAMORA;16503;8361;8142
1603480;HIDALGO;72787;35882;36905
1603580;HUACANA LA;30830;15652;15178
1603680;HUANDACAREO;11234;5506;5728
1603780;HUANIQUEO;12287;5925;6362
1603880;HUETAMO;35910;18092;17818
1603980;HUIRAMBA;4985;2540;2445
1604080;INDAPARAPEO;12351;6172;6179
1604180;IRIMBO;7372;3624;3748
1604280;IXTLAN;14870;7302;7568
1604380;JACONA;35247;17157;18090
1604480;JIMENEZ;18839;9138;9701
1604580;JIQUILPA;32680;15625;17055
1604680;JUAREZ;7366;3789;3577
1604780;JUNGAPEO;14587;7437;7150
1604880;LAGUNILLAS;4955;2518;2437
1604980;LAZARO CARDENAS;62355;31299;31056
1605080;MADERO;15758;7871;7887
1605180;MARAVATIO;40660;20518;20142
1605280;MARCOS CASTELLANOS;8902;4326;4576
1605380;MORELIA;353055;172763;180292
1605480;MORELOS;11889;5824;6065
1605580;MUGICA;31061;15547;15514
1605680;NAHUATZEN;16610;8147;8463
1605780;NUCUPETARO;8904;4445;4459
1605880;NUEVO PARANGARICUTIRO;10118;4986;5132
1605980;NUEVO URECHO;8140;4116;4024
1606080;NUMARAN;9123;4388;4735
1606180;OCAMPO;11696;5879;5817
1606280;PAJACUARAN;20206;9804;10402
1606380;PANINDICUARO;18054;8807;9247
1606480;PARACUARO;21090;10683;10407
1606580;PARACHO;23586;11591;11995
1606680;PATZCUARO;53287;26020;27267
1606780;PENJAMILLO;21270;10360;10910
1606880;PERIBAN;13967;7009;6958
1606980;PIEDAD LA;63608;30036;33572
1607080;PUREPERO;16133;7706;8427
1607180;PURUANDIRO;55853;27273;28580
1607280;QUERENDARO;12698;6307;6391
1607380;QUIROGA;19748;9740;10008
1607480;REGULES;10823;5231;5592
1607580;REYES LOS;38017;18587;19430
1607680;SAHUAYO;46099;22257;23842
1607780;SALVADOR ESCALANTE;29398;14650;14748
1607880;SAN LUCAS;16756;8329;8427
1607980;SANTA ANA MAYA;12968;6263;6705
1608080;SENGUIO;14803;7394;7409
1608180;SUSUPUATO;6360;3172;3188
1608280;TACAMBARO;42777;21505;21272
1608380;TANCITARO;16578;8376;8202
1608480;TANGAMANDAPIO;16503;8131;8372
1608580;TANGANCICUARO;30947;14975;15972
1608680;TANHUATO;14102;6955;7147
1608780;TARETAN;11113;5612;5501
1608880;TARIMBARO;25503;12744;12759
1608980;TEPALCATEPEC;23717;11882;11835
1609080;TINGAMBATO;8471;4115;4356
1609180;TINGUINDIN;10897;5191;5706
1609280;TIQUICHEO;15174;7593;7581
1609380;TLALPUJAHUA;19174;9244;9930
1609480;TLAZAZALCA;11735;5747;5988
1609580;TOCUMBO;9837;4801;5036
1609680;TUMBISCATIO DE RUIZ;8670;4422;4248
1609780;TURICATO;31514;15963;15551
1609880;TUXPAN;16722;8403;8319
1609980;TUZANTLA;16429;8304;8125
1610080;TZINTZUNTZAN;10440;5152;5288
1610180;TZITZIO;12386;6362;6024
1610280;URUAPAN;146998;71429;75569
1610380;VENUSTIANO CARRANZA;17926;8524;9402
1610480;VILLAMAR;20757;10035;10722
1610580;VISTAHERMOSA;15527;7575;7952
1610680;YURECUARO;21547;10311;11236
1610780;ZACAPU;62620;30473;32147
1610880;ZAMORA;113474;55059;58415
1610980;ZINAPARO;5396;2536;2860
1611080;ZINAPECUARO;37571;18670;18901
1611180;ZIRACUARETIRO;7139;3552;3587
1611280;ZITACUARO;83649;41172;42477
1611380;JOSE SIXTO VERDUZCO;24015;12014;11971
1700180;AMACUZAC;10118;5090;5028
1700280;ATLATLAHUCAN;8300;4251;4049
1700380;AXOCHIAPAN;21404;10892;10512
1700480;AYALA;43200;21836;21364
1700580;COATLAN DEL RIO;7996;4113;3883
1700680;CUAUTLA;94101;45771;48330
1700780;CUERNAVACA;232355;111692;120663
1700880;EMILIANO ZAPATA;20977;10519;10458
1700980;HUITZILAC;8388;4250;4138
1701080;JANTETELCO;9585;4867;4718
1701180;JIUTEPEC;69687;34381;35306
1701280;JOJUTLA;44902;22089;22813
1701380;JONACATEPEC;9394;4626;4768
1701480;MAZATEPEC;6108;3106;3002
1701580;MIACATLAN;18874;9906;8968
1701680;OCUITUCO;10634;5454;5180
1701780;PUENTE DE IXTLA;34810;17446;17364
1701880;TEMIXCO;45147;22288;22859
1701980;TEPALCINGO;18786;9625;9161
1702080;TEPOZTLAN;19122;9642;9480
1702180;TETECALA;5606;2644;2962
1702280;TETELA DEL VOLCAN;10638;5476;5162
1702380;TLALNEPANTLA;3441;1716;1725
1702480;TLALTIZAPAN;29302;14657;14645
1702580;TLAQUILTENANGO;24136;12227;11909
1702680;TLAYACAPAN;7950;4036;3914
1702780;TOTOLAPAN;5498;2823;2675
1702880;XOCHITEPEC;16413;8203;8210
1702980;YAUTEPEC;44026;21786;22240
1703080;YECAPIXTLA;19923;10045;9878
1703180;ZACATEPEC;31354;15144;16210
1703280;ZACUALPAN;6248;3232;3016
1703380;TEMOAC;8666;4452;4214
1800180;ACAPONETA;35866;17942;17924
1800280;AHUACATLAN;15846;7962;7884
1800380;AMATLAN DE CAÑAS;13036;6559;6477
1800480;COMPOSTELA;86189;43776;42413
1800580;HUAJICORI;8595;4411;4184
1800680;IXTLAN;20875;10137;10738
1800780;JALA;14582;7233;7349
1800880;JALISCO;19705;10199;9506
1800980;NAYAR;20016;10036;9980
1801080;ROSAMORADA;34695;17884;16811
1801180;RUIZ;20295;10340;9955
1801280;SAN BLAS;41805;21970;19835
1801380;SAN PEDRO LAGUNILLAS;8308;4209;4099
1801480;SANTA MARIA DEL ORO;18803;9549;9254
1801580;SANTIAGO IXCUINTLA;98935;49741;49194
1801680;TECUALA;46341;23321;23020
1801780;TEPIC;177007;86620;90387
1801880;TUXPAN;34079;17018;17061
1801980;YESCA LA;11142;5552;5590
1900180;ABASOLO;712;362;350
1900280;AGUALEGUAS;5364;2679;2685
1900380;ALDAMAS LOS;4008;2042;1966
1900480;ALLENDE;19286;9634;9652
1900580;ANAHUAC;16479;8439;8040
1900680;APODACA;37181;18838;18343
1900780;ARAMBERRI;17027;8828;8199
1900880;BUSTAMANTE;3268;1626;1642
1900980;CADEREYTA JIMENEZ;45147;23146;22001
1901080;CARMEN;3931;2009;1922
1901180;CERRALVO;7625;3769;3856
1901280;CIENEGA DE FLORES;5075;2578;2497
1901380;CHINA;11879;6082;5797
1901480;DOCTOR ARROYO;41439;21413;20026
1901580;DOCTOR COSS;3945;2038;1907
1901680;DOCTOR GONZALEZ;2222;1130;1092
1901780;GALEANA ;42326;21525;20801
1901880;GARCIA;10434;5480;4954
1901980;GARZA GARCIA;81974;38325;43649
1902080;GENERAL BRAVO;6807;3509;3298
1902180;GENERAL ESCOBEDO;37756;19202;18554
1902280;GENERAL TERAN;18720;9411;9309
1902380;GENERAL TREVIÑO;1921;956;965
1902480;GENERAL ZARAGOZA;6352;3351;3001
1902580;GENERAL ZUAZUA;4045;2071;1974
1902680;GUADALUPE;370908;185794;185114
1902780;HERRERAS LOS;3554;1854;1700
1902880;HIDALGO;10949;5476;5473
1902980;HIGUERAS;993;495;498
1903080;HUALAHUISES;6366;3167;3199
1903180;ITURBIDE;3839;2036;1803
1903280;JUAREZ;13490;6838;6652
1903380;LAMPAZOS DE NARANJO;5682;2961;2721
1903480;LINARES;53691;26731;26960
1903580;MARIN;2581;1357;1224
1903680;MELCHOR OCAMPO;1055;552;503
1903780;MIER Y NORIEGA;7568;3882;3686
1903880;MINA;4368;2270;2098
1903980;MONTEMORELOS;43874;21887;21987
1904080;MONTERREY;1090009;537119;552890
1904180;PARAS;1179;623;556
1904280;PESQUERIA;6963;3582;3381
1904380;RAMONES LOS;7565;3777;3788
1904480;RAYONES;3506;1798;1708
1904580;SABINAS HIDALGO;24893;12295;12598
1904680;SALINAS VICTORIA;9189;4690;4499
1904780;SAN NICOLAS DE LOS GARZA;280696;140438;140258
1904880;SANTA CATARINA;89488;45032;44456
1904980;SANTIAGO;28585;14583;14002
1905080;VALLECILLO;2525;1291;1234
1905180;VILLALDAMA;4605;2315;2290
2000180;ABEJONES;1056;547;509
2000280;ACATLAN DE PEREZ FIGUEROA;32818;16723;16095
2000380;ASUNCION CACALOTEPEC;1684;811;873
2000480;ASUNCION CUYOTEPEJI;719;357;362
2000580;ASUNCION IXTALTEPEC;10977;5454;5523
2000680;ASUNCION NOCHIXTLAN;8867;4322;4545
2000780;ASUNCION OCOTLAN;2831;1437;1394
2000880;ASUNCION TLACOLULITA;1567;792;775
2000980;AYOTZINTEPEC;3341;2116;1225
2001080;BARRIO EL;9028;4503;4525
2001180;CALIHUALA;1845;935;910
2001280;CANDELARIA LOXICHA;5580;2809;2771
2001380;CIENEGA LA;3283;1615;1668
2001480;CIUDAD IXTEPEC;15537;7565;7972
2001580;COATECAS ALTAS;4427;2233;2194
2001680;COICOYAN DE LAS FLORES;2795;1406;1389
2001780;COMPAÑIA LA;3673;1880;1793
2001880;CONCEPCION BUENAVISTA;1272;629;643
2001980;CONCEPCION PAPALO;3142;1580;1562
2002080;CONSTANCIA DEL ROSARIO;2116;1147;969
2002180;COSOLAPA;8602;4319;4283
2002280;COSOLTEPEC;1064;503;561
2002380;CUILAPAM DE GUERRERO;10647;5206;5441
2002480;CUYAMECALCO VILLA DE ZARAGOZA;3362;1686;1676
2002580;CHAHUITES;6522;3195;3327
2002680;CHALCATONGO DE HIDALGO;8679;4172;4507
2002780;CHIQUIHUITLAN DE BENITO JUAREZ;3077;1456;1621
2002880;EJUTLA DE CRESPO;16381;8212;8169
2002980;ELOXOCHITLAN DE FLORES MAGON;3878;1916;1962
2003080;ESPINAL EL;7495;3767;3728
2003180;ESPIRITU SANTO TAMAZULAPAM;5213;2533;2680
2003280;FRESNILLO DE TRUJANO;1332;675;657
2003380;GUADALUPE RAMIREZ;1751;867;884
2003480;GUADALUPE ETLA;1674;824;850
2003580;GUELATAO DE JUAREZ;430;205;225
2003680;GUEVEA DE HUMBOLDT;2092;1078;1014
2003780;HIDALGO;3805;1924;1881
2003880;HIDALGO YAI ALAG;2323;1096;1227
2003980;HUAJAPAM DE LEON;24865;11694;13171
2004080;HUAUTEPEC;3855;1905;1950
2004180;HUAUTLA DE JIMENEZ;21769;10643;11126
2004280;IXTLAN DE JUAREZ;5309;2628;2681
2004380;JUCHITAN DE ZARAGOZA;45011;22158;22853
2004480;LOMA BONITA;33244;16016;17228
2004580;MAGDALENA APASCO;3790;1886;1904
2004680;MAGDALENA JALTEPEC;4022;1976;2046
2004780;MAGDALENA JICOTLAN;224;91;133
2004880;MAGDALENA MIXTEPEC;461;208;253
2004980;MAGDALENA OCOTLAN;1098;540;558
2005080;MAGDALENA PEÑASCO;1686;959;727
2005180;MAGDALENA TEITIPAC;1909;983;926
2005280;MAGDALENA TEQUISISTLAN;4762;2447;2315
2005380;MAGDALENA TLACOTEPEC;1702;867;835
2005480;MAGDALENA ZAHUATLAN;722;345;377
2005580;MARISCAL DE JUAREZ;3765;1760;2005
2005680;MARTIRES DE TACUBAYA;943;458;485
2005780;MATIAS ROMERO;29709;14565;15144
2005880;MAZATLAN DE FLORES;8743;4528;4215
2005980;MIAHUATLAN DE PORFIRIO DIAZ;18469;9069;9400
2006080;MIXISTLAN DE LA REFORMA;3100;1542;1558
2006180;MONJAS;1638;871;767
2006280;NATIVIDAD;1253;577;676
2006380;NAZARENO ETLA;2856;1380;1476
2006480;NEJAPA DE MADERO;5857;2924;2933
2006580;NIEVES IXPANTEPEC;3113;1487;1626
2006680;NILTEPEC;5940;3004;2936
2006780;OAXACA DE JUAREZ;157284;74924;82360
2006880;OCOTLAN DE MORELOS;8802;4281;4521
2006980;PE LA;1946;984;962
2007080;PINOTEPA DE DON LUIS;5731;2794;2937
2007180;PLUMA HIDALGO;4356;2216;2140
2007280;PROGRESO;3781;1906;1875
2007380;PUTLA DE GUERRERO;18468;9372;9096
2007480;QUIOQUITANI;528;253;275
2007580;REFORMA DE PINEDA;4009;2024;1985
2007680;REFORMA LA;3321;1623;1698
2007780;REYES ETLA;2533;1271;1262
2007880;ROJAS DE CUAUTEMOC;1044;538;506
2007980;SALINA CRUZ;42239;21091;21148
2008080;SAN AGUSTIN AMATENGO;1852;881;971
2008180;SAN AGUSTIN ATENANGO;960;483;477
2008280;SAN AGUSTIN CHAYUCO;4249;2107;2142
2008380;SAN AGUSTIN DE LAS JUNTAS;1560;751;809
2008480;SAN AGUSTIN ETLA;2727;1364;1363
2008580;SAN AGUSTIN LOXICHA;12851;6533;6318
2008680;SAN AGUSTIN TLACOTEPEC;990;480;510
2008780;SAN AGUSTIN YATERENI;2114;1077;1037
2008880;SAN ANDRES CABECERA NUEVA;2201;1107;1094
2008980;SAN ANDRES DINICUITI;2105;1043;1062
2009080;SAN ANDRES HUAXPALTEPEC;3815;1926;1889
2009180;SAN ANDRES HUAYAPAM ;772;392;380
2009280;SAN ANDRES IXTLAHUACA;1252;662;590
2009380;SAN ANDRES LAGUNAS;780;386;394
2009480;SAN ANDRES NUXIÑO;1746;854;892
2009580;SAN ANDRES PAXTLAN;1691;848;843
2009680;SAN ANDRES SINAXTLA;939;455;484
2009780;SAN ANDRES SOLAGA;2211;1086;1125
2009880;SAN ANDRES TEOTILALPAM;3806;1838;1968
2009980;SAN ANDRES TEPETLAPA;620;321;299
2010080;SAN ANDRES YAA;915;450;465
2010180;SAN ANDRES ZABACHE;944;447;497
2010280;SAN ANDRES ZAUTLA;2504;1234;1270
2010380;SAN ANTONINO CASTILLO VELAZCO;3606;1788;1818
2010480;SAN ANTONINO EL ALTO;1724;859;865
2010580;SAN ANTONINO MONTEVERDE;3855;1934;1921
2010680;SAN ANTONIO ACUTLA;566;270;296
2010780;SAN ANTONIO DE LA CAL;3704;1833;1871
2010880;SAN ANTONIO HUITEPEC;3950;1884;2066
2010980;SAN ANTONIO NANAHUATIPAC;1656;856;800
2011080;SAN ANTONIO SINICAHUA;1204;594;610
2011180;SAN ANTONIO TEPETLAPA;2956;1523;1433
2011280;SAN BALTASAR CHICHICAPAM;2649;1314;1335
2011380;SAN BALTASAR LOXICHA;2373;1188;1185
2011480;SAN BALTASAR YATZACHI EL BAJO;1562;723;839
2011580;SAN BARTOLO LOXOTEPEC;2921;1417;1504
2011680;SAN BARTOLO SOYALTEPEC;1212;608;604
2011780;SAN BARTOLO YAUTEPEC;1836;906;930
2011880;SAN BARTOLOME AYAUTLA;3332;1613;1719
2011980;SAN BARTOLOME LOXICHA;1914;957;957
2012080;SAN BARTOLOME QUIALANA;2386;1222;1164
2012180;SAN BARTOLOME YUCUAÑE;597;281;316
2012280;SAN BARTOLOME ZOOGOCHO;848;392;456
2012380;SAN BERNARDO MIXTEPEC;2473;1270;1203
2012480;SAN BLAS ATEMPA;7173;3496;3677
2012580;SAN CARLOS YAUTEPEC;10361;5221;5140
2012680;SAN CRISTOBAL AMATLAN;2575;1278;1297
2012780;SAN CRISTOBAL AMOLTEPEC;1182;579;603
2012880;SAN CRISTOBAL LACHIRIOAG;1748;900;848
2012980;SAN CRISTOBAL SUCHIXTLAHUACA;577;258;319
2013080;SAN DIONISIO DEL MAR;3683;1859;1824
2013180;SAN DIONISIO OCOTEPEC;6875;3525;3350
2013280;SAN DIONISIO OCOTLAN;1151;540;611
2013380;SAN ESTEBAN ATATLAHUCA;3886;1921;1965
2013480;SAN FELIPE JALAPA DE DIAZ;8928;4483;4445
2013580;SAN FELIPE TEJALAPAM;4302;2146;2156
2013680;SAN FELIPE USILA;8135;4055;4080
2013780;SAN FRANCISCO CAHUACUA;2314;1162;1152
2013880;SAN FRANCISCO CAJONOS;808;391;417
2013980;SAN FRANCISCO CHAPULAPA;1797;901;896
2014080;SAN FRANCISCO CHINDUA;742;369;373
2014180;SAN FRANCISCO DEL MAR;1090;567;523
2014280;SAN FRANCISCO HUEHUETLAN;1972;960;1012
2014380;SAN FRANCISCO IXHUATAN;8337;4195;4142
2014480;SAN FRANCISCO JALTEPETONGO;1746;902;844
2014580;SAN FRANCISCO LACHIGOLO;1191;625;566
2014680;SAN FRANCISCO LOGUECHE;1101;538;563
2014780;SAN FRANCISCO NUXAÑO;908;458;450
2014880;SAN FRANCISCO OZOLOTEPEC;1452;749;703
2014980;SAN FRANCISCO SOLA;1188;587;601
2015080;SAN FRANCISCO TELIXTLAHUACA;5983;2932;3051
2015180;SAN FRANCISCO TEOPAM;561;314;247
2015280;SAN FRANCISCO TLAPANCINGO;1503;759;744
2015380;SAN GABRIEL MIXTEPEC;3099;1575;1524
2015480;SAN IDELFONSO AMATLAN;2133;1034;1099
2015580;SAN IDELFONSO SOLA;743;362;381
2015680;SAN IDELFONSO VILLA ALTA;2939;1450;1489
2015780;SAN JACINTO AMILPAS;2024;981;1043
2015880;SAN JACINTO TLACOTEPEC;1148;585;563
2015980;SAN JERONIMO COATLAN;3291;1652;1639
2016080;SAN JERONIMO SILACAYOAPILLA;1853;914;939
2016180;SAN JERONIMO SOSOLA;3511;1694;1817
2016280;SAN JERONIMO TAVICHE;1540;772;768
2016380;SAN JERONIMO TECOATL;1985;919;1066
2016480;SAN JORGE NUCHITA;1043;532;511
2016580;SAN JOSE AYUQUILA;1252;592;660
2016680;SAN JOSE CHILTEPEC;8097;4120;3977
2016780;SAN JOSE DEL PEÑASCO;1354;706;648
2016880;SAN JOSE ESTANCIA GRANDE;1080;511;569
2016980;SAN JOSE INDEPENDENCIA;3191;1711;1480
2017080;SAN JOSE LACHIGUIRI;2958;1480;1478
2017180;SAN JOSE TENANGO;15312;7722;7590
2017280;SAN JUAN ACHIUTLA;1021;491;530
2017380;SAN JUAN ATEPEC;2063;1010;1053
2017480;ANIMAS TRUJANO;1678;818;860
2017580;SAN JUAN BAUTISTA ATATLAHUACA;1559;770;789
2017680;SAN JUAN BAUTISTA COIXTLAHUACA;3976;1944;2032
2017780;SAN JUAN BAUTISTA CUICATLAN;6973;3513;3460
2017880;SAN JUAN BAUTISTA GUELACHE;3244;1585;1659
2017980;SAN JUAN BAUTISTA JAYACATLAN;1347;679;668
2018080;SAN JUAN BAUTISTA LO DE SOTO;2539;1272;1267
2018180;SAN JUAN BAUTISTA SUCHITEPEC;661;302;359
2018280;SAN JUAN BAUTISTA TLACOATZINTEPEC;1819;891;928
2018380;SAN JUAN BAUTISTA TLACHICHILCO;1584;782;802
2018480;SAN JUAN BAUTISTA TUXTEPEC;61093;30669;30424
2018580;SAN JUAN CACAHUATEPEC;6459;3110;3349
2018680;SAN JUAN CIENEGUILLA;1085;534;551
2018780;SAN JUAN COATZOSPAM;1964;989;975
2018880;SAN JUAN COLORADO;6563;3251;3312
2018980;SAN JUAN COMALTEPEC;1607;817;790
2019080;SAN JUAN COTZOCON;15773;8040;7733
2019180;SAN JUAN CHICOMEZUCHIL;569;290;279
2019280;SAN JUAN CHILATECA;1546;744;802
2019380;SAN JUAN DEL ESTADO;2348;1166;1182
2019480;SAN JUAN DEL RIO;1472;720;752
2019580;SAN JUAN DIUXI;1987;1025;962
2019680;SAN JUAN EVANGELISTA ANALCO;853;417;436
2019780;SAN JUAN GUELAVIA;3645;1833;1812
2019880;SAN JUAN GUICHICOVI;19959;9834;10125
2019980;SAN JUAN IGUALTEPEC;1011;524;487
2020080;SAN JUAN JUQUILA MIXES;4581;2188;2393
2020180;SAN JUAN JUQUILA VIJANOS;1510;751;759
2020280;SAN JUAN LACHAO;3242;1608;1634
2020380;SAN JUAN LACHIGALLA;3251;1684;1567
2020480;SAN JUAN LAJARCIA;1310;630;680
2020580;SAN JUAN LALANA;8357;4250;4107
2020680;SAN JUAN DE LOS CUES;2918;1520;1398
2020780;SAN JUAN MAZATLAN;9180;4733;4447
2020880;SAN JUAN MIXTEPEC DTO 8;9688;4788;4900
2020980;SAN JUAN MIXTEPEC DTO 26;1576;733;843
2021080;SAN JUAN NUMI;3117;1543;1574
2021180;SAN JUAN OZOLOTEPEC;2310;1124;1186
2021280;SAN JUAN PETLAPA;1701;852;849
2021380;SAN JUAN QUIAHIJE;2067;1019;1048
2021480;SAN JUAN QUIOTEPEC;2837;1432;1405
2021580;SAN JUAN SAYULTEPEC;889;431;458
2021680;SAN JUAN TABAA;1110;562;548
2021780;SAN JUAN TAMAZOLA;3582;1777;1805
2021880;SAN JUAN TEITA;741;389;352
2021980;SAN JUAN TEITIPAC;4219;2022;2197
2022080;SAN JUAN TEPEUXILA;3757;1913;1844
2022180;SAN JUAN TEPOSCOLULA;2175;1078;1097
2022280;SAN JUAN YAE;1663;790;873
2022380;SAN JUAN YATZONA;658;316;342
2022480;SAN JUAN YUCUITA;1091;537;554
2022580;SAN LORENZO;4178;2039;2139
2022680;SAN LORENZO ALBARRADAS;2648;1388;1260
2022780;SAN LORENZO CACAOTEPEC;5556;2801;2755
2022880;SAN LORENZO CUAUNECUILTITLA;763;344;419
2022980;SAN LORENZO TEXMELUCAN;3147;1530;1617
2023080;SAN LORENZO VICTORIA;1162;572;590
2023180;SAN LUCAS CAMOTLAN;2735;1523;1212
2023280;SAN LUCAS OJITLAN;24370;12146;12224
2023380;SAN LUCAS QUIAVINI;2127;1052;1075
2023480;SAN LUCAS ZOQUIAPAM;6490;3208;3282
2023580;SAN LUIS AMATLAN;2511;1223;1288
2023680;SAN MARCIAL OZOLOTEPEC;1345;699;646
2023780;SAN MARCOS ARTEAGA;1761;849;912
2023880;SAN MARTIN DE LOS CANSECO;1049;544;505
2023980;SAN MARTIN HUAMELULPAM;1190;549;641
2024080;SAN MARTIN ITUNYOSO;2187;1076;1111
2024180;SAN MARTIN LACHILA;1281;621;660
2024280;SAN MARTIN LAS PERAS;6239;3139;3100
2024380;SAN MARTIN TILCAJETE;1754;917;837
2024480;SAN MARTIN TOXPALAN;2371;1182;1189
2024580;SAN MARTIN ZACATEPEC;1544;788;756
2024680;SAN MATEO CAJONOS;955;461;494
2024780;SAN MATEO CAPULALPAM;1387;635;752
2024880;SAN MATEO DEL MAR;6848;3505;3343
2024980;SAN MATEO ELOXOCHITLAN;2849;1438;1411
2025080;SAN MATEO ETLATONGO;1384;682;702
2025180;SAN MATEO NEJAPAM;1028;512;516
2025280;SAN MATEO PEÑASCO;1813;946;867
2025380;SAN MATEO PIÑAS;4073;2031;2042
2025480;SAN MATEO RIO HONDO;3047;1482;1565
2025580;SAN MATEO SINDIHUI;1439;728;711
2025680;SAN MATEO TLAPILTEPEC;362;169;193
2025780;SAN MELCHOR BETAZA;1310;644;666
2025880;SAN MIGUEL ACHIUTLA;1320;651;669
2025980;SAN MIGUEL AHUEHUETITLAN;1749;852;897
2026080;SAN MIGUEL ALOAPAM;1841;931;910
2026180;SAN MIGUEL AMATITLAN;4996;2483;2513
2026280;SAN MIGUEL AMATLAN;1187;619;568
2026380;SAN MIGUEL COATLAN;1608;803;805
2026480;SAN MIGUEL CHICAHUA;2031;1016;1015
2026580;SAN MIGUEL CHIMALAPA;4588;2324;2264
2026680;SAN MIGUEL DEL PUERTO;5581;2879;2702
2026780;SAN MIGUEL DEL RIO;520;252;268
2026880;SAN MIGUEL EJUTLA;627;298;329
2026980;SAN MIGUEL EL GRANDE;3848;1892;1956
2027080;SAN MIGUEL HUAUTLA;1606;773;833
2027180;SAN MIGUEL MIXTEPEC;1293;697;596
2027280;SAN MIGUEL PANIXTLAHUACA;2788;1379;1409
2027380;SAN MIGUEL PERAS;2464;1275;1189
2027480;SAN MIGUEL PIEDRAS;1214;581;633
2027580;SAN MIGUEL QUETZALTEPEC;4273;2141;2132
2027680;SAN MIGUEL SANTA FLOR;1224;609;615
2027780;SAN  IGUEL SOLA DE VEGA;8145;3958;4187
2027880;SAN MIGUEL SOYALTEPEC;23924;12057;11867
2027980;SAN MIGUEL SUCHIXTEPEC;1656;808;848
2028080;SAN MIGUEL TALEA DE CASTRO;2783;1355;1428
2028180;SAN MIGUEL TECOMATLAN;438;219;219
2028280;SAN MIGUEL TENANGO;1428;741;687
2028380;SAN MIGUEL TEQUIXTEPEC;943;464;479
2028480;SAN MIGUEL TILQUIAPAM;2960;1496;1464
2028580;SAN MIGUEL TLACAMAMA;2781;1353;1428
2028680;SAN MIGUEL TLACOTEPEC;3056;1542;1514
2028780;SAN MIGUEL TULANCINGO;771;341;430
2028880;SAN MIGUEL YOTAO;444;216;228
2028980;SAN NICOLAS;1179;578;601
2029080;SAN NICOLAS HIDALGO;930;476;454
2029180;SAN PABLO COATLAN;2572;1252;1320
2029280;SAN PABLO CUATRO VENADOS;1001;525;476
2029380;SAN PABLO ETLA;3461;1714;1747
2029480;SAN PABLO HUITZO;4903;2401;2502
2029580;SAN PABLO HUIXTEPEC;6292;3075;3217
2029680;SAN PABLO MACUILTIANGUIS;1891;980;911
2029780;SAN PABLO TIJALTEPEC;1433;729;704
2029880;SAN PABLO VILLA DE MITLA;7259;3598;3661
2029980;SAN PABLO YAGANIZA;1163;567;596
2030080;SAN PEDRO AMUZGOS;3378;1672;1706
2030180;SAN PEDRO APOSTOL;2273;1073;1200
2030280;SAN PEDRO ATOYAC;3126;1567;1559
2030380;SAN PEDRO CAJONOS;1346;602;744
2030480;SAN PEDRO CANTAROS COXCALTEPEC;1335;650;685
2030580;SAN PEDRO COMITANCILLO;2740;1312;1428
2030680;SAN PEDRO EL ALTO;2487;1312;1175
2030780;SAN PEDRO HUAMELULA;9238;4642;4596
2030880;SAN PEDRO HUILOTEPEC;1966;992;974
2030980;SAN PEDRO IXCATLAN;8170;4081;4089
2031080;SAN PEDRO IXTLAHUACA;2132;1075;1057
2031180;SAN PEDRO JALTEPETONGO;1025;506;519
2031280;SAN PEDRO JICAYAN;7923;3971;3952
2031380;SAN PEDRO JOCOTIPAC;1410;635;775
2031480;SAN PEDRO JUCHATENGO;1560;771;789
2031580;SAN PEDRO MARTIR;2225;1100;1125
2031680;SAN PEDRO MARTIR QUIECHAPA;703;348;355
2031780;SAN PEDRO MARTIR YUCUXACO;1679;819;860
2031880;SAN PEDRO MIXTEPEC;14000;7014;6986
2031980;SAN PEDRO MIXTEPEC;1412;697;715
2032080;SAN PEDRO MOLINOS;693;313;380
2032180;SAN PEDRO NOPALA;1242;623;619
2032280;SAN PEDRO OCOPETATILLO;932;436;496
2032380;SAN PEDRO OCOTEPEC;1591;833;758
2032480;SAN PEDRO POCHUTLA;17692;9175;8517
2032580;SAN PEDRO QUIATONI;7122;3580;3542
2032680;SAN PEDRO SOCHIAPAM;3414;1685;1729
2032780;SAN PEDRO TAPANATEPEC;8158;4098;4060
2032880;SAN PEDRO TAVICHE;732;332;400
2032980;SAN PEDRO TEOZACOALCO;1548;776;772
2033080;SAN PEDRO TEUTILA;3512;1809;1703
2033180;SAN PEDRO TIDAA;1388;675;713
2033280;SAN PEDRO TOPILTEPEC;851;432;419
2033380;SAN PEDRO TOTOLAPAM;3266;1592;1674
2033480;SAN PEDRO TUTUTEPEC;25758;12989;12769
2033580;SAN PEDRO YANERI;601;319;282
2033680;SAN PEDRO YOLOX;1647;800;847
2033780;SAN PEDRO Y SAN PABLO AYUTLA;3998;1895;2103
2033880;SAN PEDRO Y SAN PABLO ETLA;4071;1928;2143
2033980;SAN PEDRO Y SAN PABLO TEPOSCOLULA;3348;1672;1676
2034080;SAN PEDRO Y SAN PABLO TEQUIXTEPEC;3469;1624;1845
2034180;SAN PEDRO YUCUNAMA;402;186;216
2034280;SAN RAYMUNDO JALPAM;1173;579;594
2034380;SAN SEBASTIAN ABASOLO;1908;958;950
2034480;SAN SEBASTIAN COATLAN;1941;970;971
2034580;SAN SEBASTIAN IXCAPA;3663;1801;1862
2034680;SAN SEBASTIAN NICANANDUTA;1409;677;732
2034780;SAN SEBASTIAN RIO HONDO;2339;1210;1129
2034880;SAN SEBASTIAN TECOMAXTLAHUACAN;7487;3707;3780
2034980;SAN SEBASTIAN TEITIPAC;2368;1177;1191
2035080;SAN SEBASTIAN TUTLA;1941;995;946
2035180;SAN SIMON ALMOLONGAS;1555;769;786
2035280;SAN SIMON ZAHUATLAN;767;360;407
2035380;SANTA ANA;3820;1875;1945
2035480;SANTA ANA ATEIXTLAHUACA;;;
2035580;SANTA ANA CUAUHTEMOC;;;
2035680;SANTA ANA DEL VALLE;2147;1065;1082
2035780;SANTA ANA TAVELA;1388;687;701
2035880;SANTA ANA TLAPACOYAN;;;
2035980;SANTA ANA YARENI;1444;738;706
2036080;SANTA ANA ZEGACHE;2972;1492;1480
2036180;SANTA CATALINA QUIERI;1009;479;530
2036280;SANTA CATARINA CUIXTLA;2324;1134;1190
2036380;SANTA CATARINA IXTEPEJI;2397;1221;1176
2036480;SANTA CATARINA JUQUILA;7485;3687;3798
2036580;SANTA CATARINA LACHATAO;2200;1091;1109
2036680;SANTA CATARINA LOXICHA;3194;1605;1589
2036780;SANTA CATARINA MECHOACAN ;3516;1722;1794
2036880;SANTA CATARINA MINAS;1332;686;646
2036980;SANTA CATARINA QUIANE;1807;935;872
2037080;SANTA CATARINA TAYATA;864;444;420
2037180;SANTA CATARINA TICUA;671;341;330
2037280;SANTA CATARINA YOSONOTU;387;261;126
2037380;SANTA CATARINA ZAPOQUILA;1335;647;688
2037480;SANTA CRUZ ACATEPEC;1092;549;543
2037580;SANTA CRUZ AMILPAS;766;388;378
2037680;SANTA CRUZ DE BRAVO;819;412;407
2037780;SANTA CRUZ ITUNDUJIA;5946;2867;3079
2037880;SANTA CRUZ MIXTEPEC;3469;1741;1728
2037980;SANTA CRUZ NUNDACO;1167;609;558
2038080;SANTA CRUZ PAPALUTLA;2077;1016;1061
2038180;SANTA CRUZ TACACHE DE MINA;2166;1102;1064
2038280;SANTA CRUZ TACAHUA;657;508;149
2038380;SANTA CRUZ TAYATA;560;281;279
2038480;SANTA CRUZ XITLA;2210;1143;1067
2038580;SANTA CRUZ XOXOCOTLAN;9863;4903;4960
2038680;SANTA CRUZ ZENZONTEPEC;6501;3273;3228
2038780;SANTA GERTRUDIS;3850;1910;1940
2038880;SANTA INES DEL MONTE;1811;904;907
2038980;SANTA INES YATZECHE;1291;645;646
2039080;SANTA LUCIA DEL CAMINO;8763;4407;4356
2039180;SANTA LUCIA MIAHUATLAN;881;451;430
2039280;SANTA LUCIA MONTEVERDE;5079;2504;2575
2039380;SANTA LUCIA OCOTLAN;2177;1070;1107
2039480;SANTA MARIA ALOTEPEC;2672;1323;1349
2039580;SANTA MARIA APASCO;3264;1666;1598
2039680;SANTA MARIA LA ASUNCION;2603;1226;1377
2039780;HEROICA CIUDAD DE TLAXIACO;14188;6914;7274
2039880;SANTA MARIA AYOQUEZCO DE ALDAMA;4890;2449;2441
2039980;SANTA MARIA AZOMPA;4507;2228;2279
2040080;SANTA MARIA CAMOTLAN;1706;844;862
2040180;SANTA MARIA COLOTEPEC;5829;2986;2843
2040280;SANTA MARIA CORTIJOS;1274;646;628
2040380;SANTA MARIA COYOTEPEC;849;430;419
2040480;SANTA MARIA CHACHOAPAM;1274;643;631
2040580;SANTA MARIA CHILAPA DE DIAZ;1992;902;1090
2040680;SANTA MARIA CHILCHOTLA;9074;4602;4472
2040780;SANTA MARIA CHIMALAPA;3057;1528;1529
2040880;SANTA MARIA DEL ROSARIO;464;204;260
2040980;SANTA MARIA DEL TULE;2054;1022;1032
2041080;SANTA MARIA ECATEPEC;3410;1695;1715
2041180;SANTA MARIA GUELAXE;645;318;327
2041280;SANTA MARIA GUIENAGATI;2466;1245;1221
2041380;SANTA MARIA HUATULCO;6760;3493;3267
2041480;SANTA MARIA HUAZOLOTITLAN;10285;5087;5198
2041580;SANTA MARIA PALAPA;3334;1729;1605
2041680;SANTA MARIA XCATLAN;941;433;508
2041780;SANTA MARIA JACATEPEC;5975;3042;2933
2041880;SANTA MARIA JALAPA DEL MARQUEZ;7892;3923;3969
2041980;SANTA MARIA JALTIANGUIS;1338;634;704
2042080;SANTA MARIA LACHIXIO;596;278;318
2042180;SANTA MARIA MIXTEQUILLA;2275;1076;1199
2042280;SANTA MARIA NATIVITAS;1102;486;616
2042380;SANTA MARIA NDUAYACO;1393;689;704
2042480;SANTA MARIA OZOLOTEPEC;3091;1561;1530
2042580;SANTA MARIA PAPALO;1926;968;958
2042680;SANTA MARIA PEÑOLES;5977;2988;2989
2042780;SANTA MARIA PETAPA;3965;2065;1900
2042880;SANTA MARIA QUIEGOLANI;1861;906;955
2042980;SANTA MARIA SOLA;1822;917;905
2043080;SANTA MARIA TATALTEPEC;728;368;360
2043180;SANTA MARIA TECOMAVACA;2156;1078;1078
2043280;SANTA MARIA TEMAXCALAPA;827;413;414
2043380;SANTA MARIA TEMAXCALTEPEC;1434;690;744
2043480;SANTA MARIA TEOPOXCO;2130;1103;1027
2043580;SANTA MARIA TEPANTLALI;1163;597;566
2043680;SANTA MARIA TEXCATITLAN;138;587;551
2043780;SANTA MARIA TLAHUITOLTEPEC;6674;3302;3372
2043880;SANTA MARIA TLALIXTAC;1291;641;650
2043980;SANTA MARIA TONAMECA;9999;5105;4894
2044080;SANTA MARIA TOTOLAPILLA;1276;671;605
2044180;SANTA MARIA XADANI;2810;1358;1452
2044280;SANTA MARIA YALINA;667;328;339
2044380;SANTA MARIA YAVESIA;829;394;435
2044480;SANTA MARIA YOLOTEPEC;615;288;327
2044580;SANTA MARIA YOSOYUA;1186;587;599
2044680;SANTA MARIA YUCUHITI;4735;2362;2373
2044780;SANTA MARIA ZACATEPEC;13170;6597;6573
2044880;SANTA MARIA ZANIZA;765;405;360
2044980;SANTA MARIA ZOQUITLAN;4016;1972;2044
2045080;SANTIAGO AMOLTEPEC;5213;2631;2582
2045180;SANTIAGO APOALA;2732;1342;1390
2045280;SANTIAGO APOSTOL;3782;1879;1903
2045380;SANTIAGO ASTATA;2319;1134;1185
2045480;SANTIAGO ATITLAN;1342;705;637
2045580;SANTIAGO AYUQUILILLA;1995;1052;943
2045680;SANTIAGO CACALOXTEPEC;1987;980;1007
2045780;SANTIAGO CAMOTLAN;1951;1052;899
2045880;SANTIAGO COMALTEPEC;2096;1021;1075
2045980;SANTIAGO CHAZUMBA;6536;3131;3405
2046080;SANTIAGO CHOAPAM;3430;1725;1705
2046180;SANTIAGO DEL RIO;1372;690;682
2046280;SANTIAGO HUAJOLOTITLAN;4089;2044;2045
2046380;SANTIAGO HUAUCLILLA;1423;709;714
2046480;SANTIAGO IGUITLAN PLUMAS;883;428;455
2046580;SANTIAGO IXCUINTEPEC;950;483;467
2046680;SANTIAGO IXTAYUTLA;5891;2988;2903
2046780;SANTIAGO JAMILTEPEC;15385;7721;7664
2046880;SANTIAGO JOCOTEPEC;7298;3644;3654
2046980;SANTIAGO JUXTLAHUACA;20022;10013;10009
2047080;SANTIAGO LACHIGUIRI;5669;2871;2798
2047180;SANTIAGO LALOPA;615;299;316
2047280;SANTIAGO LAOLLAGA;2481;1179;1302
2047380;SANTIAGO LAXOPA;1706;851;855
2047480;SANTIAGO LLANO GRANDE;3206;1595;1611
2047580;SANTIAGO MATATLAN;6793;3351;3442
2047680;SANTIAGO MILTEPEC;630;299;331
2047780;SANTIAGO MINAS;1410;731;679
2047880;SANTIAGO NACALTEPEC;3454;1766;1688
2047980;SANTIAGO NEJAPILLA;419;211;208
2048080;SANTIAGO NUNDICHI;1098;541;557
2048180;SANTIAGO NUYOO;2431;1179;1252
2048280;SANTIAGO PINOTEPA NACIONAL;31705;16084;15621
2048380;SANTIAGO SUCHILQUITONGO;4289;2159;2130
2048480;SANTIAGO TAMAZOLA;3210;1584;1626
2048580;SANTIAGO TAPEXTLA;3681;1962;1719
2048680;SANTIAGO TEJUPAM;2215;1086;1129
2048780;SANTIAGO TENANGO;1997;1014;983
2048880;SANTIAGO TEPETLAPA;275;126;149
2048980;SANTIAGO TETEPEC;3948;2028;1920
2049080;SANTIAGO TEXCALCINGO;2449;1178;1271
2049180;SANTIAGO TEXTITLAN;1840;927;913
2049280;SANTIAGO TILANTONGO;3651;1841;1810
2049380;SANTIAGO TILLO;694;367;327
2049480;SANTIAGO TLAZOYALTEPEC;3867;1960;1907
2049580;SANTIAGO XANICA;3273;1659;1614
2049680;SANTIAGO XIACUI;2309;1142;1167
2049780;SANTIAGO YAITEPEC;1264;618;646
2049880;SANTIAGO YAVEO;5970;3035;2935
2049980;SANTIAGO YOLOMECATL;1660;782;878
2050080;SANTIAGO YOSONDUA;8380;4413;3967
2050180;SANTIAGO YUCUYACHI;1920;938;982
2050280;SANTIAGO ZACATEPEC;3348;1671;1677
2050380;SANTIAGO ZOOCHILA;468;230;238
2050480;NUEVO ZOQUIAPAM;1201;622;579
2050580;SANTO DOMINGO;7106;3602;3504
2050680;SANTO DOMINGO ALBARRADAS;1541;790;751
2050780;SANTO DOMINGO ARMENTA;1198;668;530
2050880;SANTO DOMINGO CHIHUITAN;1248;604;644
2050980;SANTO DOMINGO DE MORELOS;4068;2272;1796
2051080;SANTO DOMINGO IXCATLAN;941;456;485
2051180;SANTO DOMINGO NUXAA;3048;1511;1537
2051280;SANTO DOMINGO OZOLOTEPEC;1218;630;588
2051380;SANTO DOMINGO PETAPA;4984;2491;2493
2051480;SANTO DOMINGO ROAYAGA;801;411;390
2051580;SANTO DOMINGO TEHUANTEPEC;28443;14011;14432
2051680;SANTO DOMINGO TEOJOMULCO;2718;1342;1376
2051780;SANTO DOMIGO TEPUXTEPEC;1222;627;595
2051880;SANTO DOMINGO TLATAYAPAM;476;245;231
2051980;SANTO DOMINGO TOMALTEPEC;1760;887;873
2052080;SANTO DOMINGO TONALA;5560;2743;2817
2052180;SANTO DOMINGO TONALTEPEC;515;228;287
2052280;SANTO DOMINGO XAGACIA;1252;621;631
2052380;SANTO DOMINGO YANHUITLAN;3687;1732;1955
2052480;SANTO DOMINGO YODOHINO;852;420;432
2052580;SANTO DOMINGO ZANATEPEC;6042;3021;3021
2052680;SANTOS REYES NOPALA;8802;4453;4349
2052780;SANTOS REYES PAPALO;2211;1179;1032
2052880;SANTOS REYES TEPEJILLO;1125;566;559
2052980;SANTOS REYES YUCUNA;1228;578;650
2053080;SANTO TOMAS JALIEZA;2209;1108;1101
2053180;SANTO TOMAS MAZALTEPEC;1823;917;906
2053280;SANTO TOMAS OCOTEPEC;4031;2147;1884
2053380;SANTO TOMAS TAMAZULAPA;1718;829;889
2053480;SAN VICENTE COATLAN;2911;1430;1481
2053580;SAN VICENTE LA CHIXIO;1472;717;755
2053680;SAN VICENTE NUÑU;859;425;434
2053780;SILACAYOAPAM;10982;5431;5551
2053880;SITIO DE XITLAPEHUA;615;301;314
2053980;SOLEDAD ETLA;2936;1467;1469
2054080;TAMAZULAPAM DEL PROGRESO;4584;2144;2440
2054180;TANETZE DE ZARAGOZA;1772;867;905
2054280;TANICHE;1289;657;632
2054380;TATALTEPEC DE VALDES;3700;1870;1830
2054480;TEOCOCUILCO DE MARCOS PEREZ;1756;880;876
2054580;TEOTITLAN DEL CAMINO;5602;2779;2823
2054680;TEOTITLAN DEL VALLE;4105;2124;1981
2054780;TEOTONGO;1141;529;612
2054880;TEPELMEME VILLA DE MORELOS;1916;909;1007
2054980;TEZOATLAN DE SEGURA Y LUNA;11507;5523;5984
2055080;TLACOCHAHUAYA DE MORELOS;4249;2062;2187
2055180;TLACOLULA DE MATAMOROS;11326;5559;5767
2055280;TLACOTEPEC PLUMAS;893;427;466
2055380;TLALIXTAC DE CABRERA;3270;1659;1611
2055480;TOTONTEPEC VILLA DE MORELOS;5164;2530;2634
2055580;TRINIDAD DE ZAACHILA;2609;1296;1313
2055680;TRINIDAD VISTA HERMOSA LA;682;334;348
2055780;UNION HIDALGO;13537;6570;6967
2055880;VALERIO TRUJANO;2097;954;1143
2055980;SAN JUAN BAUTISTA VALLE NACIONAL;13814;6980;6834
2056080;VILLA DIAZ ORDAZ;4881;2468;2413
2056180;YAXE;1488;754;734
2056280;YODOCONO DE PORFIRIO DIAZ;1095;522;573
2056380;YOGANA;1716;860;856
2056480;YUTANDUCHI DE GUERRERO;1375;658;717
2056580;ZAACHILA;9645;4683;4962
2056680;ZAPOTITLAN DEL RIO;2638;1294;1344
2056780;ZAPOTITLAN LAGUNAS;3349;1602;1747
2056880;ZAPOTITLAN PALMAS;1454;709;745
2056980;ZARAGOZA;2309;1098;1211
2057080;ZIMATLAN DE VALDEZ;12252;6038;6214
2100180;ACAJETE;33975;17007;16968
2100280;ACATENO;7969;4069;3900
2100380;ACATLAN;27027;13186;13841
2100480;ACATZINGO;23956;11976;11980
2100580;ACTEOPAN;2547;1278;1269
2100680;AHUACATLAN;9101;4382;4719
2100780;AHUATLAN;3788;1898;1890
2100880;AHUAZOTEPEC;6826;3410;3416
2100980;AHUEHUETITLA;2797;1331;1466
2101080;AJALPAN;26789;13663;13126
2101180;ALBINO ZARTUCHE;1694;844;850
2101280;ALJOJUCA;5989;2945;3044
2101380;ALTEPEXI;9928;4840;5088
2101480;AMIXTLAN;3482;1723;1759
2101580;AMOZOC;23406;11681;11725
2101680;AQUIXTLA;6632;3325;3307
2101780;ATEMPAN;8172;4094;4078
2101880;ATEXCAL;3042;1473;1569
2101980;ATLIXCO;91660;44533;47127
2102080;ATOYATEMPAN;4085;2018;2067
2102180;ATZALA;1079;557;522
2102280;ATZITZIHUACAN;9924;4924;5000
2102380;ATZITZINTLA;5418;2779;2639
2102480;AXUTLA;2141;1023;1118
2102580;AYOTOXCO DE GUERRERO;4781;2396;2385
2102680;CALPAN;11114;5566;5548
2102780;CALTEPEC;5262;2612;2650
2102880;CAMOCUAUTLA;1082;534;548
2102980;CAXHUACAN;2266;1143;1123
2103080;COATEPEC;993;504;489
2103180;COATZINGO;4048;1927;2121
2103280;COHETZALA;2941;1476;1465
2103380;COHUECAN;3240;1606;1634
2103480;CORONANGO;15627;7955;7672
2103580;COXCATLAN;13884;6806;7078
2103680;COYOMEAPAN;9236;4506;4730
2103780;COYOTEPEC;2925;1434;1491
2103880;CUAPIAXTLA DE MADERO;4076;2047;2029
2103980;CUAUTEMPAN;6302;3154;3148
2104080;CUAUTINCHAN;3813;1929;1884
2104180;CUAUTLANCINGO;18768;9249;9519
2104280;CUAYUCA;4674;2283;2391
2104380;CUETZALAN DEL PROGRESO;28877;14421;14456
2104480;CUYOACO;11667;5790;5877
2104580;CHALCHICOMULA DE SESMA;31146;15405;15741
2104680;CHAPULCO;3057;1488;1569
2104780;CHIAUTLA;21964;10749;11215
2104880;CHIAUTZINGO;13286;6654;6632
2104980;CHICONCUAUTLA;7856;3847;4009
2105080;CHICHIQUILA;10931;5488;5443
2105180;CHIETLA;34648;17123;17525
2105280;CHIGMECATITLAN;1586;731;855
2105380;CHIGNAHUAPAN;33712;17101;16611
2105480;CHIGNAUTLA;6732;3456;3276
2105580;CHILA;4506;2249;2257
2105680;CHILA DE LA SAL;2454;1191;1263
2105780;CHILA HONEY;5995;2997;2998
2105880;CHILCHOTLA;10782;5545;5237
2105980;CHINANTLA;3837;1902;1935
2106080;DOMINGO ARENAS;3849;1886;1963
2106180;ELOXOCHITLAN;5875;2967;2908
2106280;EPATLAN;4070;2011;2059
2106380;ESPERANZA;9534;4894;4640
2106480;FRANCISCO Z. MENA;15676;7818;7858
2106580;GENERAL FELIPE ANGELES;11063;5492;5571
2106680;GUADALUPE ;6398;3136;3262
2106780;GUADALUPE VICTORIA;10419;5176;5243
2106880;HERMENEGILDO GALEANA;5620;2916;2704
2106980;HUAQUECHULA;24139;11936;12203
2107080;HUATLATLAUCA;8285;4045;4240
2107180;HUAUCHINANGO;49614;24038;25576
2107280;HUEHUETLA;12290;6167;6123
2107380;HUEHUETLAN EL CHICO;7935;3903;4032
2107480;HUEJOTZINGO;31997;15851;16146
2107580;HUEYAPAN;5881;2995;2886
2107680;HUEYTAMALCO;18625;9532;9093
2107780;HUEYTLALPAN;2307;1224;1083
2107880;HUITZILAN DE SERDAN;7582;3885;3697
2107980;HUITZILTEPEC;3382;1687;1695
2108080;IGNACIO ALLENDE;1561;782;779
2108180;IXCAMILPA DE GUERRERO;3969;2024;1945
2108280;IXCAQUIXTLA;5807;2850;2957
2108380;IXTACAMAXTITLAN;26827;13672;13155
2108480;IXTEPEC;4218;2094;2124
2108580;IZUCAR DE MATAMOROS;57941;28443;29498
2108680;JALPAN;7964;4081;3883
2108780;JOLALPAN;9665;4799;4866
2108880;JONOTLA;3638;1840;1798
2108980;JOPALA;7926;3999;3927
2109080;JUAN C BONILLA;10399;5240;5159
2109180;JUAN GALINDO;6949;3272;3677
2109280;JUAN N MENDEZ;5122;2564;2558
2109380;LAFRAGUA;9843;4998;4845
2109480;LIBRES;17313;8562;8751
2109580;MAGDALENA TLATLAUQUITEPEC LA;375;189;186
2109680;MAZAPILTEPEC DE JUAREZ;1919;980;939
2109780;MIXTLA;1680;824;856
2109880;MOLCAXAC;5490;2722;2768
2109980;MORELOS CAÑADA;11638;5796;5842
2110080;NAUPAN;7585;3754;3831
2110180;NAUZONTLA;3551;1751;1800
2110280;NEALTICAN;6850;3413;3437
2110380;NICOLAS BRAVO;3807;1921;1886
2110480;NOPALUCAN;13635;6859;6776
2110580;OCOTEPEC;4721;2448;2273
2110680;OCOYUCAN;13783;6814;6969
2110780;OLINTLA;10575;5258;5317
2110880;ORIENTAL;10216;5034;5182
2110980;PAHUATLAN;13350;6669;6681
2111080;PALMAR DE BRAVO;20298;10059;10239
2111180;PANTEPEC;12511;6273;6238
2111280;PETLALCINGO;6722;3368;3354
2111380;PIAXTLA;6946;3403;3543
2111480;PUEBLA;835759;400639;435120
2111580;QUECHOLAC ;23683;11837;11846
2111680;QUIMIXTLAN;12704;6482;6222
2111780;RAFAEL LARA GRAJALES;8240;4005;4235
2111880;REYES DE JUAREZ LOS;11095;5548;5547
2111980;SAN ANDRES CHOLULA;26032;13082;12950
2112080;SAN ANTONIO CAÑADA;2741;1341;1400
2112180;SAN DIEGO LA MESA TOCHIMILTZINGO;1139;597;542
2112280;SAN FELIPE TEOTLALCINGO;6846;3532;3314
2112380;SAN FELIPE TEPATLAN;3993;2006;1987
2112480;SAN GABRIEL CHILAC;9997;4813;5184
2112580;SAN GREGORIO ATZOMPA;4548;2304;2244
2112680;SAN JERONIMO TECUANIPA;3727;1879;1848
2112780;SAN JERONIMO XAYACATLAN;4503;2227;2276
2112880;SAN JOSE CHIAPA;4494;2262;2232
2112980;SAN JOSE MIAHUATLAN;8637;4363;4274
2113080;SAN JUAN ATENCO;3817;1863;1954
2113180;SAN JUAN ATZOMPA;487;241;246
2113280;SAN MARTIN TEXMELUCAN;79504;39154;40350
2113380;SAN MARTIN TOTOLTEPEC;691;349;342
2113480;SAN MATIAS TLALANCALECA;11094;5677;5417
2113580;SAN MIGUEL IXITLAN;850;392;458
2113680;SAN MIGUEL XOXTLA;6272;3121;3151
2113780;SAN NICOLAS DE BUENOS AIRES;5977;3081;2896
2113880;SAN NICOLAS LOS RANCHOS;10400;5293;5107
2113980;SAN PABLO AMICANO;3480;1781;1699
2114080;SAN PEDRO CHOLULA;57498;28298;29200
2114180;SAN PEDRO YELOIXTLAHUACAN;3306;1706;1600
2114280;SAN SALVADOR EL SECO;17660;8917;8743
2114380;SAN SALVADOR EL VERDE;13661;6897;6764
2114480;SAN SALVADOR HUIXCOLOTLA;6045;3036;3009
2114580;SAN SEBASTIAN TLACOTEPEC;9454;4734;4720
2114680;SANTA CATARINA TLALTEMPAN;1258;631;627
2114780;SANTA INES AHUATEMPAN;5259;2608;2651
2114880;SANTA ISABEL CHOLULA;5526;2758;2768
2114980;SANTIAGO MIAHUATLAN;7044;3369;3675
2115080;SANTO DOMINGO HUEHUETLAN;6403;3165;3238
2115180;SANTO TOMAS HUEYOTLIPAN;4965;2420;2545
2115280;SOLTEPEC;8606;4367;4239
2115380;TECALI DE HERRERA;11167;5621;5546
2115480;TACAMACHALCO;31330;15664;15666
2115580;TECOMATLAN;5757;2839;2918
2115680;TEHUACAN;113107;54411;58696
2115780;TEHUITZINGO;13027;6526;6501
2115880;TENAMPULCO;7383;3737;3646
2115980;TEOPANTLAN;5648;2714;2934
2116080;TEOTLALCO;3472;1723;1749
2116180;TEPANGO DE LOPEZ;10721;5247;5474
2116280;TEPANGO DE RODRIGUEZ;2449;1215;1234
2116380;TEPATLAXCO DE HIDALGO;11063;5592;5471
2116480;TEPEACA;36549;18046;18503
2116580;TEPEMAXALCO;913;467;446
2116680;TEPEOJUMA;7229;3593;3636
2116780;TEPETZINTLA;7465;3598;3867
2116880;TEPEXCO;5231;2669;2562
2116980;TEPEXI DE RODRIGUEZ;14411;7229;7182
2117080;TEPEYAHUALCO;11745;5902;5843
2117180;TEPEYAHUALCO CUAUHTEMOC;1823;907;916
2117280;TETELA DE OCAMPO;21834;10952;10882
2117380;TETELES DE AVILA CASTILLO;3295;1337;1958
2117480;TEZIUTLAN;50572;24075;26497
2117580;TIANGUISMANALCO;7364;3571;3793
2117680;TILAPA;5821;2892;2929
2117780;TLACOTEPEC DE BENITO JUAREZ;23985;11971;12014
2117880;TLACUILOTEPEC;13991;7154;6837
2117980;TLACHICHUCA;19188;9706;9482
2118080;TLAHUAPAN;19415;9922;9493
2118180;TLALTENANGO;3674;1841;1833
2118280;TLALNEPANTLA;2295;1076;1219
2118380;TLAOLA;11362;5638;5724
2118480;TLAPACOYA;4940;2531;2409
2118580;TLAPANALA;6516;3240;3276
2118680;TLATLAUQUITEPEC;31323;15937;15386
2118780;TLAXCO;5029;2620;2409
2118880;TOCHIMILCO;13748;6900;6848
2118980;TOCHTEPEC;10937;5460;5477
2119080;TOTOLTEPEC DE GUERRERO;1128;581;547
2119180;TULCINGO;7698;3760;3938
2119280;TUZAMAPAN DE GALEANA;5084;2524;2560
2119380;TZICATLACOYAN;4547;2322;2225
2119480;VENUSTIANO CARRANZA;17439;8799;8640
2119580;VICENTE GUERRERO;13730;6925;6805
2119680;XAYACATLAN DE BRAVO;1653;788;865
2119780;XICOTEPEC;36901;18178;18723
2119880;XICOTLAN;1346;663;683
2119980;XIUTETELCO;16941;8591;8350
2120080;XOCHIAPULCO;3749;1862;1887
2120180;XOCHILTEPEC;3081;1533;1548
2120280;XOCHITLAN;9642;4801;4841
2120380;XOCHITLAN TODOS SANTOS;4381;2147;2234
2120480;YAONAHUAC;4163;2132;2031
2120580;YEHUALTEPEC;11578;5748;5830
2120680;ZACAPALA;4130;2099;2031
2120780;ZACAPOAXTLA;35456;17469;17987
2120880;ZACATLAN;46928;23132;23796
2120980;ZAPOTITLAN;6964;3489;3475
2121080;ZAPOTITLAN DE MENDEZ;3711;1856;1855
2121180;ZARAGOZA;9070;4439;4631
2121280;ZAUTLA;16834;8264;8570
2121380;ZIHUATEUTLA;9364;4815;4549
2121480;ZINACATEPEC;10152;4903;5249
2121580;ZONGOZOTLA;2946;1427;1519
2121680;ZOQUIAPAN;2948;1468;1480
2121780;ZOQUITLAN;14057;7066;6991
2200180;AMEALCO;38389;19322;19067
2200280;ARROYO SECO;11909;6023;5886
2200380;CADEREYTA DE MONTES;37542;18840;18702
2200480;COLON;28036;14281;13755
2200580;CORREGIDORA;29689;14840;14849
2200680;EZEQUIEL MONTES;16617;8242;8375
2200780;HUIMILPAN;17113;8721;8392
2200880;JALPAN DE SERRA;15092;7573;7519
2200980;LANDA DE MATAMOROS;15088;7771;7317
2201080;MARQUES EL;40160;20583;19577
2201180;PEDRO ESCOBEDO;29503;15004;14499
2201280;PEÑAMILLER;13965;6957;7008
2201380;PINAL DE AMOLES;22642;11527;11115
2201480;QUERETARO;293586;144162;149424
2201580;SAN JOAQUIN;5432;2715;2717
2201680;SAN JUAN DEL RIO;81820;40572;41248
2201780;TEQUISQUIAPAN;27710;13757;13953
2201880;TOLIMAN;15312;7477;7835
2300180;COZUMEL;23270;11953;11317
2300280;FELIPE CARRILLO PUERTO;32506;16830;15676
2300380;ISLA MUJERES;4731;2511;2220
2300480;OTHON P. BLANCO;97999;50082;47917
2300580;BENITO JUAREZ;37190;19110;18080
2300680;JOSE MARIA MORELOS;18372;9618;8754
2300780;LAZARO CARDENAS;11917;6256;5661
2400180;AHUALULCO;17403;8580;8823
2400280;ALAQUINES;8698;4520;4178
2400380;AQUISMON;26797;13692;13105
2400480;ARMADILLO DE LOS INFANTES;6627;3381;3246
2400580;CARDENAS ;20235;9816;10419
2400680;CATORCE;12140;6096;6044
2400780;CEDRAL;15320;7721;7599
2400880;CERRITOS;22325;11028;11297
2400980;CERRO DE SAN PEDRO;1938;989;949
2401080;CIUDAD DEL MAIZ;43841;22562;21279
2401180;CIUDAD FERNANDEZ;25679;12898;12781
2401280;CIUDAD SANTOS;17759;9045;8714
2401380;CIUDAD VALLES;105625;52335;53290
2401480;COXCATLAN;15820;8160;7660
2401580;CHARCAS;21470;10666;10804
2401680;EBANO;28744;14448;14296
2401780;GUADALCAZAR;28357;14599;13758
2401880;HUEHUETLAN;9513;4824;4689
2401980;LAGUNILLAS;8757;4415;4342
2402080;MATEHUALA;61272;30072;31200
2402180;MEXQUITIC;36587;18230;18357
2402280;MOCTEZUMA;16710;8445;8265
2402380;RAYON;19260;9803;9457
2402480;RIOVERDE;76888;38515;38373
2402580;SALINAS;21016;10558;10458
2402680;SAN ANTONIO;6516;3303;3213
2402780;SAN CIRO DE ACOSTA;12582;6232;6350
2402880;SAN LUIS POTOSI;406630;195204;211426
2402980;SAN MARTIN CHALCHICUAUTLA;20319;10390;9929
2403080;SAN NICOLAS TOLENTINO;8898;4457;4441
2403180;SANTA CATARINA;9719;5186;4533
2403280;SANTA MARIA DEL RIO;33153;16420;16733
2403380;SANTO DOMINGO;12725;6503;6222
2403480;SAN VICENTE TANCUAYALAB;10742;5614;5128
2403580;SOLEDAD DIEZ GUTIERREZ;64417;31789;32628
2403680;TAMASOPO;24167;12502;11665
2403780;TAMAZUNCHALE;76643;39822;36821
2403880;TAMPACAN;13649;6953;6696
2403980;TAMPAMOLON;10876;5655;5221
2404080;TAMUIN;26384;13565;12819
2404180;TANLAJAS;14176;7282;6894
2404280;TANQUIAN DE ESCOBEDO;12330;6105;6225
2404380;TIERRANUEVA;9044;4442;4602
2404480;VANEGAS;7477;3883;3594
2404580;VENADO;13720;6856;6864
2404680;VILLA DE ARRIAGA;12931;6566;6365
2404780;VILLA DE GUADALUPE;12963;6513;6450
2404880;VILLA DE LA PAZ;4900;2415;2485
2404980;VILLA DE RAMOS;24231;12152;12079
2405080;VILLA DE REYES;27196;13737;13459
2405180;VILLA HIDALGO;17454;8774;8680
2405280;VILLA JUAREZ;12769;6444;6325
2405380;VILLA TERRAZA;28120;14175;13945
2405480;XILITLA;41984;21634;20350
2405580;ZARAGOZA;18987;9559;9428
2405680;VILLA DE ARISTA;9410;4850;4560
2500180;AHOME;254681;127668;127013
2500280;ANGOSTURA;44529;22486;22043
2500380;BADIRAGUATO;39170;20107;19063
2500480;CONCORDIA;23742;12070;11672
2500580;COSALA;18184;9398;8786
2500680;CULIACAN;560011;280604;279407
2500780;CHOIX;32522;16795;15727
2500880;ELOTA;24766;12857;11909
2500980;ESUINAPA;37666;19066;18600
2501080;FUERTE EL ;81330;41784;39546
2501180;GUASAVE;221139;112141;108998
2501280;MAZATLAN;249988;123474;126514
2501380;MOCORITO;59687;30837;28850
2501480;ROSARIO EL;44740;22884;21856
2501580;SALVADOR ALVARADO;52079;26158;25921
2501680;SAN IGNACIO;24825;12902;11923
2501780;SINALOA;80820;41471;39349
2600180;ACONCHI;2569;1353;1216
2600280;AGUA PRIETA;34380;16682;17698
2600380;ALAMOS;29091;15105;13986
2600480;ALTAR;6029;3183;2846
2600580;ARIVECHI;1872;936;936
2600680;ARIZPE;3778;1908;1870
2600780;ATIL;878;422;456
2600880;BACADEHUACHI;1427;705;722
2600980;BACANORA;2114;1126;988
2601080;BACERAC;2518;1279;1239
2601180;BACOACHI;1629;857;772
2601280;BACUM;22182;11341;10841
2601380;BANAMICHI;1885;953;932
2601480;BAVIACORA;4661;2457;2204
2601580;BAVISPE;1968;1016;952
2601680;BENJAMIN HILL;6292;3119;3173
2601780;CABORCA;50452;26091;24361
2601880;CAJEME;255845;127535;128310
2601980;CANANEA;25327;12588;12739
2602080;CARBO;3977;2049;1928
2602180;COLORADA LA;2880;1573;1307
2602280;CUCURPE;1281;726;555
2602380;CUMPAS;7359;3787;3572
2602480;DIVISADEROS;871;441;430
2602580;EMPALME;41063;20639;20424
2602680;ETCHOJOA;66156;34069;32087
2602780;FRONTERAS;3688;1921;1767
2602880;GRANADOS;1148;580;568
2602980;GUAYMAS;97962;49193;48769
2603080;HERMOSILLO;340779;170362;170417
2603180;HUACHINERA;1595;787;808
2603280;HUASABAS;1209;604;605
2603380;HUATABAMPO;60399;30686;29713
2603480;HUEPAC;1300;691;609
2603580;IMURIS;7052;3544;3508
2603680;MAGDALENA;17992;9009;8983
2603780;MAZATAN;1875;978;897
2603880;MOCTEZUMA;4245;2215;2030
2603980;NACO;4441;2219;2222
2604080;NACORI CHICO;3014;1563;1451
2604180;NACOZARI DE GARCIA;9383;5013;4370
2604280;NAVOJOA;106221;52864;53357
2604380;NOGALES;68076;33008;35068
2604480;ONAVAS;586;320;266
2604580;OPODEPE;3689;1942;1747
2604680;OQUITOA;501;260;241
2604780;PITIQUITO;5977;3090;2887
2604880;PUERTO PEÑASCO;26755;13683;13072
2604980;QUIRIEGO;4474;2338;2136
2605080;RAYON;2096;1116;980
2605180;ROSARIO;6656;3429;3227
2605280;SAHUARIPA;7949;4043;3906
2605380;SAN FELIPE;650;345;305
2605480;SAN JAVIER;517;293;224
2605580;SAN LUIS RIO COLORADO;92790;46075;46715
2605680;SAN MIGUEL HORCASITAS;2826;1485;1341
2605780;SAN PEDRO DE LA CUEVA;2367;1250;1117
2605880;SANTA ANA;12253;6075;6178
2605980;SANTA CRUZ;1587;874;713
2606080;SARIC;2250;1195;1055
2606180;SOYOPA;2785;1441;1344
2606280;SUAQUI GRANDE;1320;696;624
2606380;TEPACHE;2732;1451;1281
2606480;TRINCHERAS;2052;1101;951
2606580;TUBUTAMA;2021;1024;997
2606680;URES;10337;5286;5051
2606780;VILLA HIDALGO;2686;1374;1312
2606880;VILLA PESQUEIRA;1848;984;864
2606980;YECORA;5164;2700;2464
2700180;BALANCAN;37099;18977;18122
2700280;CARDENAS;119235;60825;58410
2700380;CENTLA;53778;27232;26546
2700480;CENTRO;250903;123852;127051
2700580;COMALCALCO;101448;50917;50531
2700680;CUNDUACAN;62796;31974;30822
2700780;EMILIANO ZAPATA;17147;8409;8738
2700880;HUIMANGUILLO;94240;47942;46298
2700980;JALAPA;23114;11724;11390
2701080;JALPA;39389;19722;19667
2701180;JONUTA;18639;9534;9105
2701280;MACUSPANA;84287;42468;41819
2701380;NACAJUCA;29821;15232;14589
2701480;PARAISO;41252;20588;20664
2701580;TACOTALPA;25138;12752;12386
2701680;TEAPA;26376;13184;13192
2701780;TENOSIQUE;38299;19461;18838
2800180;ABASOLO;13409;6957;6452
2800280;ALDAMA;23898;12503;11395
2800380;ALTAMIRA;36499;18761;17738
2800480;ANTIGUO MORELOS;9678;5030;4648
2800580;BURGOS;5913;3067;2846
2800680;BUSTAMANTE;7700;4002;3698
2800780;CAMARGO;16014;8063;7951
2800880;CASAS;5046;2739;2307
2800980;CIUDAD MADERO;132444;63734;68710
2801080;CRUILLAS;2646;1370;1276
2801180;GOMEZ FARIAS;9615;4922;4693
2801280;GONZALEZ;39861;20447;19414
2801380;GUEMEZ;14646;7742;6904
2801480;GUERRERO;4191;2184;2007
2801580;GUSTAVO DIAZ ORDAZ;17830;8875;8955
2801680;HIDALGO;24772;12833;11939
2801780;JAUMAVE;14384;7411;6973
2801880;JIMENEZ;6820;3382;3438
2801980;LLERA;22004;11404;10600
2802080;MAINERO;3316;1670;1646
2802180;MANTE;106426;53053;53373
2802280;MATAMOROS;238840;116234;122606
2802380;MENDEZ;3112;1674;1438
2802480;MIER;6382;3175;3207
2802580;MIGUEL ALEMAN;19600;9659;9941
2802680;MIQUIHUANA;3927;2011;1916
2802780;NUEVO LAREDO;203286;98080;105206
2802880;NUEVO MORELOS;2417;1235;1182
2802980;OCAMPO;16133;8313;7820
2803080;PADILLA;12228;6354;5874
2803180;PALMILLAS;2464;1283;1181
2803280;REYNOSA;211412;103407;108005
2803380;RIO BRAVO;83522;41808;41714
2803480;SAN CARLOS;11320;5870;5450
2803580;SAN FERNANDO;45343;23331;22012
2803680;SAN NICOLAS;1114;565;549
2803780;SOTO LA MARINA;15230;8024;7206
2803880;TAMPICO;267957;128128;139829
2803980;TULA;28517;14477;14040
2804080;VALLE HERMOSO;48343;24046;24297
2804180;VICTORIA;153206;75485;77721
2804280;VILLAGRAN;8311;4269;4042
2804380;XICOTENCATL;24708;12419;12289
2900180;AMAXAC DE GUERRERO;4725;2365;2360
2900280;ANTONIO CARBAJAL;6072;2968;3104
2900380;APIZACO;37894;18234;19660
2900480;ATLANGATEPEC;3244;1601;1643
2900580;ATLZAYANCA;9494;4892;4602
2900680;CALPULALPAN;21495;10612;10883
2900780;CARMEN EL;7785;3969;3816
2900880;CUAPIAXTLA;6747;3417;3330
2900980;CUAXOMULCO;2649;1329;1320
2901080;CHIAUTEMPAN;41494;20496;20998
2901180;DOMINGO ARENAS;2194;1107;1087
2901280;ESPANITA;5463;2837;2626
2901380;HUAMANTLA;36654;18282;18372
2901480;HUEYOTLIPAN;8242;4214;4028
2901580;IXTACUIXTLA;20592;10646;9946
2901680;IXTENCO;5980;2944;3036
2901780;JOSE MARIA MORELOS;5171;2622;2549
2901880;JUAN CUAMATZI;17065;8567;8498
2901980;LARDIZABAL;8614;4282;4332
2902080;LAZARO CARDENAS;7670;3907;3763
2902180;MARIANO ARISTA;10355;5117;5238
2902280;MIGUEL HIDALGO;5463;2737;2726
2902380;NATIVITAS;16912;8501;8411
2902480;PANOTLA;13763;6650;7113
2902580;SAN PABLO DEL MONTE;29908;15146;14762
2902680;SANTA CRUZ TLAXCALA;7912;3849;4063
2902780;TENANCINGO;6727;3364;3363
2902880;TEOLOCHOLCO;8552;4299;4253
2902980;TEPEYANCO;11311;5568;5743
2903080;TERRENATE;9208;4833;4375
2903180;TETLA;8491;4307;4184
2903280;TETLATLAHUCA;12566;6293;6273
2903380;TLAXCALA;35384;17109;18275
2903480;TLAXCO;20384;10289;10095
2903580;TOCATLAN;3164;1615;1549
2903680;TOTOLAC;9041;4412;4629
2903780;TRINIDAD SANCHEZ SANTOS;6935;3486;3449
2903880;TZOMPANTEPEC;8366;4161;4205
2903980;XALOZTOC;9930;5071;4859
2904080;XALTOCAN;7123;3559;3564
2904180;XICOHTENCATL;12201;6116;6085
2904280;XICOHTZINGO;7673;3775;3898
2904380;YAUHQUEMEHCAN;8822;4480;4342
2904480;ZACATELCO;27162;13448;13714
3000180;ACAJETE;7642;3901;3741
3000280;ACATLAN;2869;1436;1433
3000380;ACAYUCAN;52106;26157;25949
3000480;ACTOPAN;37318;19076;18242
3000580;ACULA;5921;3050;2871
3000680;ACULTZINGO;12327;6236;6091
3000780;ADALBERTO TEJEDA;5404;2813;2591
3000880;ALDAMA;5990;3018;2972
3000980;ALPATLAHUAC;6155;3129;3026
3001080;ALTO LUCERO;25822;13459;12363
3001180;ALTOTONGA;41251;20617;20634
3001280;ALVARADO;46072;22593;23479
3001380;AMATITLAN;8148;4089;4059
3001480;AMATLAN-TUXPAM;29051;14114;14937
3001580;AMATLAN DE LOS REYES;27776;13932;13844
3001680;ANGEL R CABADA;28236;14121;14115
3001780;ANTIGUA LA;17689;8778;8911
3001880;APAZAPAN;4512;2221;2291
3001980;AQUILA;2247;1161;1086
3002080;ASTACINGA;3022;1521;1501
3002180;ATLAHUILCO;4700;2337;2363
3002280;ATOYAC;21179;10665;10514
3002380;ATZACAN;11293;5751;5542
3002480;ATZALAN;45287;23075;22212
3002580;AYAHUALULCO;13038;6705;6333
3002680;BANDERILLA;8014;3822;4192
3002780;BENITO JUAREZ;10834;5293;5541
3002880;BOCA DEL RIO;61883;30314;31569
3002980;CALCAHUALCO;6908;3582;3326
3003080;CAMERINO Z MENDOZA;27531;13232;14299
3003180;CARRILLO PUERTO;11473;5868;5605
3003280;CASTILLO DE TEAYO;19309;9809;9500
3003380;CATEMACO;31250;15836;15414
3003480;CAZONES;23258;11758;11500
3003580;CERRO AZUL;33123;15892;17231
3003680;CITLALTEPETL;10365;5247;5118
3003780;COACOATZINTLA;4564;2207;2357
3003880;COATEPEC;50631;24497;26134
3003980;COATZACOALCOS;186129;92935;93194
3004080;COATZINTLA;32054;15746;16308
3004180;COETZALA;1369;682;687
3004280;COLIPA;6960;3540;3420
3004380;COMAPA;11494;6109;5385
3004480;CORDOBA;126179;59901;66278
3004580;COSAMALOAPAN;103239;50913;52326
3004680;COSAUTLAN DE CARVAJAL;10806;5429;5377
3004780;COSCOMATEPEC;28215;14175;14040
3004880;COSOLEACAQUE;43771;21946;21825
3004980;COTAXTLA;16420;8432;7988
3005080;COXQUIHUI;14739;7588;7151
3005180;COYUTLA;16922;8562;8360
3005280;CUICHAPA;8888;4405;4483
3005380;CUITLAHUAC;19265;9709;9556
3005480;CHACALTIANGUIS;13233;6721;6512
3005580;CHALMA;14128;7166;6962
3005680;CHICONAMEL;3873;1969;1904
3005780;CHICONQUIACO;10459;5304;5155
3005880;CHICONTEPEC;62957;31251;31706
3005980;CHINAMECA;11296;5697;5599
3006080;CHINAMPA DE GOROSTIZA;12567;6266;6301
3006180;CHOAPAS LAS;55468;28168;27300
3006280;CHOCAMAN;9851;5026;4825
3006380;CHONTLA;15317;7761;7556
3006480;CHUMATLAN;3764;1902;1862
3006580;EMILIANO ZAPATA;31565;15942;15623
3006680;ESPINAL;21024;10749;10275
3006780;FILOMENO MATA;6592;3291;3301
3006880;FORTIN;29897;14591;15306
3006980;GUTIERREZ ZAMORA;31103;15329;15774
3007080;HIDALGOTITLAN;18695;9842;8853
3007180;HUATUSCO;28883;14100;14783
3007280;HUAYACOCOTLA;19259;9698;9561
3007380;HUEYAPAN DE OCAMPO;36119;18404;17715
3007480;HUILOAPAN;3996;1970;2026
3007580;IGNACIO DE LA LLAVE;18911;9483;9428
3007680;ILAMATLAN;15918;7735;8183
3007780;ISLA;24895;12497;12398
3007880;IXCATEPEC;12057;6005;6052
3007980;IXHUACAN;7526;3947;3579
3008080;IXHUATLAN DE MADERO;53883;26431;27452
3008180;IXHUATLAN DEL CAFE;13126;6666;6460
3008280;IXHUATLAN DEL SURESTE;21617;10987;10630
3008380;IXHUATLANCILLO;3903;1889;2014
3008480;IXMATLAHUACAN;4202;2157;2045
3008580;IXTACZOQUITLAN;32279;16264;16015
3008680;JALACINGO;19849;10103;9746
3008780;JALAPA;212769;99522;113247
3008880;JALCOMULCO;4025;2068;1957
3008980;JALTIPAN;27986;13957;14029
3009080;JAMAPA;9935;5070;4865
3009180;JESUS CARRANZA;26472;13903;12569
3009280;JILOTEPEC;11427;5674;5753
3009380;JOSE AZUETA;25697;12929;12768
3009480;JUAN RODRIGUEZ CLARA;25170;12985;12185
3009580;JUCHIQUE DE FERRER;17856;9065;8791
3009680;LANDERO Y COSS;1999;1028;971
3009780;LERDO DE TEJADA;18573;8916;9657
3009880;MAGDALENA;1406;720;686
3009980;MALTRATA;9626;4763;4863
3010080;MANLIO FABIO ALTAMIRANO;19982;10324;9658
3010180;MARIANO ESCOBEDO;9635;4851;4784
3010280;MARTINEZ DE LA TORRE;93796;46291;47505
3010380;MECATLAN;7017;3526;3491
3010480;MECAYAPAN;9422;4962;4460
3010580;MEDELLIN;25436;12742;12694
3010680;MIAHUATLAN;3937;1884;2053
3010780;MINAS LAS;3693;1903;1790
3010880;MINATITLAN;145268;72257;73011
3010980;MISANTLA;63175;32123;31052
3011080;MIXTLA DE ALTAMIRANO;5226;2727;2499
3011180;MOLOACAN;13104;6685;6419
3011280;NAOLINCO;14279;7101;7178
3011380;NARANJAL;3532;1735;1797
3011480;NAUTLA;12787;6496;6291
3011580;NOGALES;31137;15282;15855
3011680;OLUTA;7468;3879;3589
3011780;OMEALCA;21550;10772;10778
3011880;ORIZABA;114848;54367;60481
3011980;OTATITLAN;5568;2805;2763
3012080;OTEAPAN;6216;3152;3064
3012180;OZULUAMA;24182;12473;11709
3012280;PAJAPAN;8548;4354;4194
3012380;PANUCO;75429;38477;36952
3012480;PAPANTLA;146131;72743;73388
3012580;PASO DEL MACHO;17823;9100;8723
3012680;PASO DE OVEJAS;26946;13759;13187
3012780;PERLA LA;9011;4611;4400
3012880;PEROTE;34495;17269;17226
3012980;PLATON SANCHEZ;18192;9448;8744
3013080;PLAYA VICENTE;51231;26247;24984
3013180;POZA RICA DE HIDALGO;166799;79359;87440
3013280;PROGRESO DE ZARAGOZA;4799;2461;2338
3013380;PUEBLO VIEJO;32386;16399;15987
3013480;PUENTE NACIONAL;13293;6819;6474
3013580;RAFAEL DELGADO;9374;4710;4664
3013680;RAFAEL LUCIO;3644;1861;1783
3013780;REYES;2875;1529;1346
3013880;RIO BLANCO;35731;17311;18420
3013980;SALTABARRANCA;4956;2492;2464
3014080;SAN ANDRES TENEJAPA;1532;761;771
3014180;SAN ANDRES TUXTLA;112104;56392;55712
3014280;SAN JUAN EVANGELISTA;34823;17507;17316
3014380;SANTIAGO TUXTLA;43380;22011;21369
3014480;SAYULA DE ALEMAN;15498;8046;7452
3014580;SOCONUSCO;5899;3195;2704
3014680;SOCHIAPA;2211;1100;1111
3014780;SOLEDAD ATZOMPA;9009;4519;4490
3014880;SOLEDAD DE DOBLADO;26363;13393;12970
3014980;SOTEAPAN;15397;7771;7626
3015080;TAMALIN;12297;6197;6100
3015180;TAMIAHUA;34886;17864;17022
3015280;TAMPICO ALTO;14684;7623;7061
3015380;TANCOCO;8670;4289;4381
3015480;TANTIMA;15149;7851;7298
3015580;TANTOYUCA;76785;39234;37551
3015680;TATATILA;6699;3360;3339
3015780;TECOLUTLA;26092;13442;12650
3015880;TEHUIPANGO;9504;4701;4803
3015980;TEMAPACHE;91478;46195;45283
3016080;TEMPOAL;58494;30211;28283
3016180;TENAMPA;3663;1929;1734
3016280;TENOCHTITLAN;6438;3187;3251
3016380;TEOCELO;12437;6105;6332
3016480;TEPATLAXCO;5232;2725;2507
3016580;TEPETLAN;6926;3575;3351
3016680;TEPETZINTLA;13939;7015;6924
3016780;TEQUILA;7691;3872;3819
3016880;TEXCATEPEC;6706;3410;3296
3016980;TEXHUACAN;3032;1560;1472
3017080;TEXISTEPEC;16071;8135;7936
3017180;TEZONAPA;46864;23784;23080
3017280;TIERRA BLANCA;70427;35082;35345
3017380;TIHUATLAN;77798;39112;38686
3017480;TLACOJALPAN;3260;1642;1618
3017580;TLACOLULAN;9522;4896;4626
3017680;TLACOTALPAN;18896;9328;9568
3017780;TLACOTEPEC DE MEJIA;2902;1520;1382
3017880;TLACHICHILCO;12539;6411;6128
3017980;TLALIXCOYAN;37735;19236;18499
3018080;TLALNELHUAYOCAN;4595;2324;2271
3018180;TLALTETELA;7338;3859;3479
3018280;TLAPACOYAN;32483;16152;16331
3018380;TLAQUILPA;3831;1934;1897
3018480;TLILAPAN;2290;1163;1127
3018580;TOMATLAN;5083;2597;2486
3018680;TONAYAN;4484;2370;2114
3018780;TOTUTLA;10560;5344;5216
3018880;TUXPAN;96581;47533;49048
3018980;TUXTILLA;2158;1105;1053
3019080;URSULO GALVAN;23633;11967;11666
3019180;VEGA DE ALATORRE;15706;7955;7751
3019280;VERACRUZ;305456;143808;161648
3019380;VIGA DE RAMIREZ LAS;10567;5289;5278
3019480;XICO;18169;9010;9159
3019580;XOXOCOTLA;2538;1332;1206
3019680;YANGA;16466;8222;8244
3019780;YECUATLA;14413;7345;7068
3019880;ZACUALPAN;9415;4783;4632
3019980;ZARAGOZA;5006;2472;2534
3020080;ZENTLA;10946;5619;5327
3020180;ZONGOLICA;24037;12293;11744
3020280;ZONTECOMATLAN;11446;5681;5765
3020380;ZOZOCOLCO DE HIDALGO;12725;6507;6218
3100180;ABALA;4923;2581;2342
3100280;ACANCEH;8020;4064;3956
3100380;AKIL;5345;2736;2609
3100480;BACA;5337;2701;2636
3100580;BOKOBA;1784;914;870
3100680;BUCTZOTZ;5118;2517;2601
3100780;CACALCHEN;5544;2863;2681
3100880;CALOTMUL;3271;1668;1603
3100980;CANSAHCAB;4916;2438;2478
3101080;CANTAMAYEC;1494;776;718
3101180;CELESTUN;2520;1321;1199
3101280;CENOTILLO;3562;1768;1794
3101380;CONKAL;5874;3053;2821
3101480;CUNCUNUL;921;471;450
3101580;CAZAMA;2869;1458;1411
3101680;CHACSINKIN;1375;722;653
3101780;CHANKOM;2606;1335;1271
3101880;CHAPAB;2289;1176;1113
3101980;CHEMAX;13421;6987;6434
3102080;CHICXULUB;2995;1508;1487
3102180;CHICHIMILA;4017;2009;2008
3102280;CHIKINDZONOT;1411;730;681
3102380;CHOCHOLA;3606;1824;1782
3102480;CHUMAYEL;1493;820;673
3102580;DZAN;2830;1452;1378
3102680;DZEMUL;3676;1908;1768
3102780;DZIDZANTUN;7360;3776;3584
3102880;DZILAM DE BRAVO;1461;779;682
3102980;DZILAM GONZALEZ;4239;2149;2090
3103080;DZITAS;2351;1151;1200
3103180;DZONCAUICH;2845;1456;1389
3103280;ESPITA;8180;4094;4086
3103380;HALACHO;10538;5367;5171
3103480;HOCABA;4727;2425;2302
3103580;HOCTUN;5596;2990;2606
3103680;HOMUN;5009;2585;2424
3103780;HUHI;4097;2169;1928
3103880;HUNUCMA;15988;8236;7752
3103980;IXIL;2245;1139;1106
3104080;IZAMAL;19094;9616;9478
3104180;KANASIN;7111;3614;3497
3104280;KANTUNIL;4369;2259;2110
3104380;KAUA;1275;650;625
3104480;KINCHIL;4002;2042;1960
3104580;KOPOMA;894;517;377
3104680;MAMA;1585;823;762
3104780;MANI;2948;1579;1369
3104880;MAXCANU;14416;7304;7112
3104980;MAYAPAN;1299;664;635
3105080;MERIDA;424529;203638;220891
3105180;MOCOCHA;2202;1131;1071
3105280;MOTUL;24362;12324;12038
3105380;MUNA;9224;4684;4540
3105480;MUXUPIP;2221;1094;1127
3105580;OPICHEN;3733;1923;1810
3105680;OXKUTZCAB;13281;6779;6502
3105780;PANABA;5431;2809;2622
3105880;PETO;15159;7789;7370
3105980;PROGRESO;30183;14919;15264
3106080;QUINTANA ROO;969;495;474
3106180;RIO LAGARTOS;2567;1323;1244
3106280;SACALUM;2901;1474;1427
3106380;SAMAHIL;2710;1401;1309
3106480;SANAHCAT;1336;705;631
3106580;SAN FELIPE;1232;680;552
3106680;SANTA ELENA;2293;1181;1112
3106780;SEYE;7078;3687;3391
3106880;SINANCHE;3434;1820;1614
3106980;SOTUTA;5159;2668;2491
3107080;SUCILA;3411;1791;1620
3107180;SUDZAL;1829;958;871
3107280;SUMA;2058;1086;972
3107380;TAHDZIU;2096;1060;1036
3107480;TAHMEK;3565;1842;1723
3107580;TEABO;2988;1552;1436
3107680;TECOH;8888;4728;4160
3107780;TEKAL DE VENEGAS;2165;1135;1030
3107880;TEKANTO;3979;1998;1981
3107980;TEKAX;23651;12016;11635
3108080;TEKIT;4308;2231;2077
3108180;TEKOM;2315;1173;1142
3108280;TELCHAC PUEBLO;4038;2085;1953
3108380;TELCHAC PUERTO;801;399;402
3108480;TEMAX;5641;2866;2775
3108580;TEMOZON;8777;4518;4259
3108680;TEPAKAN;3039;1553;1486
3108780;TETIZ;3248;1735;1513
3108880;TEYA;2311;1189;1122
3108980;TICUL;21154;10612;10542
3109080;TINUCUY;3051;1634;1417
3109180;TINUM;4986;2517;2469
3109280;TIXCACALCUPUL;3333;1672;1661
3109380;TIXKOKOB;12124;6160;5964
3109480;TIXMEUAC;2940;1450;1490
3109580;TIXPEUAL;4400;2229;2171
3109680;TIZIMIN;45486;23025;22461
3109780;TUNKAS;3742;1877;1865
3109880;TZUCACAB;8184;4288;3896
3109980;UAYMA;1810;956;854
3110080;UCU;2072;1084;988
3110180;UMAN;17278;8766;8512
3110280;VALLADOLID;36397;18182;18215
3110380;XOCCHEL;2381;1211;1170
3110480;YAXCABA;8353;4293;4060
3110580;YAXKUKUL;1883;958;925
3110680;YOBAIN;2201;1179;1022
3200180;APOZOL;7858;3788;4070
3200280;APULCO;5180;2525;2655
3200380;ATOLINGA;4816;2317;2499
3200480;BENITO JUAREZ;4389;2103;2286
3200580;CALERA;17355;8708;8647
3200680;CAÑITAS DE FELIPE PESCADOR;8266;4121;4145
3200780;CONCEPCION DEL ORO;15347;7682;7665
3200880;CUAUHTEMOC;8705;4313;4392
3200980;CHALCHIHUITES;14524;7207;7317
3201080;FRESNILLO;132365;65373;66992
3201180;GARCIA DE LA CADENA;4903;2257;2646
3201280;GENARO CODINA;7826;4027;3799
3201380;GENERAL ENRIQUE ESTRADA;4412;2160;2252
3201480;GENERAL FRANCISCO MURGUIA;23751;11987;11764
3201580;GENERAL JOAQUIN AMARO;3974;1882;2092
3201680;GENARAL PANFILO NATERA;17290;8753;8537
3201780;GUADALUPE;51359;25852;25507
3201880;HUANUSCO;6930;3385;3545
3201980;JALPA;23708;11402;12306
3202080;JEREZ;55164;26799;28365
3202180;JIMENEZ DE TEUL;5233;2539;2694
3202280;JUAN ALDAMA;18080;9058;9022
3202380;JUCHIPILA;13540;6411;7129
3202480;LORETO;26396;13132;13264
3202580;LUIS MOYA;9396;4698;4698
3202680;MAZAPIL;24906;12698;12208
3202780;MELCHOR OCAMPO;3904;2031;1873
3202880;MEZQUITAL DEL ORO;3952;1957;1995
3202980;MIGUEL AUZA;19339;9642;9697
3203080;MOMAX;3809;1751;2058
3203180;MONTE ESCOBEDO;12238;5845;6393
3203280;MORELOS;7271;3708;3563
3203380;MOYAHUA DE ESTRADA;7558;3644;3914
3203480;NOCHISTLAN DE MEJIA;33897;15928;17969
3203580;NORIA DE ANGELES;10470;5193;5277
3203680;OJOCALIENTE;27678;13794;13884
3203780;PANUCO;9462;4799;4663
3203880;PINOS;53944;27221;26723
3203980;RIO GRANDE;47806;23503;24303
3204080;SAIN ALTO;16074;8017;8057
3204180;SALVADOR EL;4321;2253;2068
3204280;SOMBRERETE;59687;29879;29808
3204380;SUSTICACAN;1754;871;883
3204480;TABASCO;13802;6591;7211
3204580;TEPECHITLAN;10100;4875;5225
3204680;TEPETONGO;12303;5886;6417
3204780;TEUL DE GONZALEZ ORTEGA;10156;4999;5157
3204880;TLALTENANGO DE SANCHEZ ROMAN;19436;9352;10084
3204980;VALPARAISO;44183;21800;22383
3205080;VETAGRANDE;6222;3079;3143
3205180;VILLA DE COS;24489;12432;12057
3205280;VILLA GARCIA;10676;5361;5315
3205380;VILLA GONZALEZ ORTEGA;9834;4845;4989
3205480;VILLA HIDALGO;12395;6297;6098
3205580;VILLANUEVA;35590;17269;18321
3205680;ZACATECAS;88807;43113;45694
